modules/wolfAlps/data/HabitatSuitability.asc
ncols       436
nrows       296
xllcorner   314690.99952243
yllcorner   4849886.97344530
cellsize    1250
NODATA_value  -2
[rows 156 to 207 of 296, columns 0 to 95 of 436]
-1 -1 -1 -1 -1 -1 -1 -1 -1 -1 -1 -1 -1 -1 -1 -1 -1 -1 -1 -1 -1 -1 -1 -1 501 501 501 501 260 260 260 260 639 639 639 639 842 842 842 842 836 836 836 836 794 794 794 794 865 865 865 865 885 885 885 885 731 731 731 731 326 326 326 326 74 74 74 74 23 23 23 23 410 410 410 410 240 240 240 240 -1 -1 -1 -1 -1 -1 -1 -1 -1 -1 -1 -1 -1 -1 -1 -1
-1 -1 -1 -1 -1 -1 -1 -1 -1 -1 -1 -1 -1 -1 -1 -1 -1 -1 -1 -1 -1 -1 -1 -1 501 501 501 501 260 260 260 260 639 639 639 639 842 842 842 842 836 836 836 836 794 794 794 794 865 865 865 865 885 885 885 885 731 731 731 731 326 326 326 326 74 74 74 74 23 23 23 23 410 410 410 410 240 240 240 240 -1 -1 -1 -1 -1 -1 -1 -1 -1 -1 -1 -1 -1 -1 -1 -1
-1 -1 -1 -1 -1 -1 -1 -1 -1 -1 -1 -1 -1 -1 -1 -1 -1 -1 -1 -1 -1 -1 -1 -1 501 501 501 501 260 260 260 260 639 639 639 639 842 842 842 842 836 836 836 836 794 794 794 794 865 865 865 865 885 885 885 885 731 731 731 731 326 326 326 326 74 74 74 74 23 23 23 23 410 410 410 410 240 240 240 240 -1 -1 -1 -1 -1 -1 -1 -1 -1 -1 -1 -1 -1 -1 -1 -1
-1 -1 -1 -1 -1 -1 -1 -1 -1 -1 -1 -1 -1 -1 -1 -1 -1 -1 -1 -1 -1 -1 -1 -1 501 501 501 501 260 260 260 260 639 639 639 639 842 842 842 842 836 836 836 836 794 794 794 794 865 865 865 865 885 885 885 885 731 731 731 731 326 326 326 326 74 74 74 74 23 23 23 23 410 410 410 410 240 240 240 240 -1 -1 -1 -1 -1 -1 -1 -1 -1 -1 -1 -1 -1 -1 -1 -1
-1 -1 -1 -1 -1 -1 -1 -1 -1 -1 -1 -1 -1 -1 -1 -1 -1 -1 -1 -1 -1 -1 -1 -1 540 540 540 540 411 411 411 411 685 685 685 685 511 511 511 511 825 825 825 825 797 797 797 797 683 683 683 683 440 440 440 440 483 483 483 483 285 285 285 285 3 3 3 3 182 182 182 182 -1 -1 -1 -1 -1 -1 -1 -1 -1 -1 -1 -1 -1 -1 -1 -1 -1 -1 -1 -1 -1 -1 -1 -1
-1 -1 -1 -1 -1 -1 -1 -1 -1 -1 -1 -1 -1 -1 -1 -1 -1 -1 -1 -1 -1 -1 -1 -1 540 540 540 540 411 411 411 411 685 685 685 685 511 511 511 511 825 825 825 825 797 797 797 797 683 683 683 683 440 440 440 440 483 483 483 483 285 285 285 285 3 3 3 3 182 182 182 182 -1 -1 -1 -1 -1 -1 -1 -1 -1 -1 -1 -1 -1 -1 -1 -1 -1 -1 -1 -1 -1 -1 -1 -1
-1 -1 -1 -1 -1 -1 -1 -1 -1 -1 -1 -1 -1 -1 -1 -1 -1 -1 -1 -1 -1 -1 -1 -1 540 540 540 540 411 411 411 411 685 685 685 685 511 511 511 511 825 825 825 825 797 797 797 797 683 683 683 683 440 440 440 440 483 483 483 483 285 285 285 285 3 3 3 3 182 182 182 182 -1 -1 -1 -1 -1 -1 -1 -1 -1 -1 -1 -1 -1 -1 -1 -1 -1 -1 -1 -1 -1 -1 -1 -1
-1 -1 -1 -1 -1 -1 -1 -1 -1 -1 -1 -1 -1 -1 -1 -1 -1 -1 -1 -1 -1 -1 -1 -1 540 540 540 540 411 411 411 411 685 685 685 685 511 511 511 511 825 825 825 825 797 797 797 797 683 683 683 683 440 440 440 440 483 483 483 483 285 285 285 285 3 3 3 3 182 182 182 182 -1 -1 -1 -1 -1 -1 -1 -1 -1 -1 -1 -1 -1 -1 -1 -1 -1 -1 -1 -1 -1 -1 -1 -1
-1 -1 -1 -1 -1 -1 -1 -1 -1 -1 -1 -1 657 657 657 657 514 514 514 514 464 464 464 464 327 327 327 327 318 318 318 318 681 681 681 681 708 708 708 708 802 802 802 802 793 793 793 793 770 770 770 770 429 429 429 429 194 194 194 194 299 299 299 299 -1 -1 -1 -1 -1 -1 -1 -1 -1 -1 -1 -1 -1 -1 -1 -1 -1 -1 -1 -1 -1 -1 -1 -1 -1 -1 -1 -1 -1 -1 -1 -1
-1 -1 -1 -1 -1 -1 -1 -1 -1 -1 -1 -1 657 657 657 657 514 514 514 514 464 464 464 464 327 327 327 327 318 318 318 318 681 681 681 681 708 708 708 708 802 802 802 802 793 793 793 793 770 770 770 770 429 429 429 429 194 194 194 194 299 299 299 299 -1 -1 -1 -1 -1 -1 -1 -1 -1 -1 -1 -1 -1 -1 -1 -1 -1 -1 -1 -1 -1 -1 -1 -1 -1 -1 -1 -1 -1 -1 -1 -1
-1 -1 -1 -1 -1 -1 -1 -1 -1 -1 -1 -1 657 657 657 657 514 514 514 514 464 464 464 464 327 327 327 327 318 318 318 318 681 681 681 681 708 708 708 708 802 802 802 802 793 793 793 793 770 770 770 770 429 429 429 429 194 194 194 194 299 299 299 299 -1 -1 -1 -1 -1 -1 -1 -1 -1 -1 -1 -1 -1 -1 -1 -1 -1 -1 -1 -1 -1 -1 -1 -1 -1 -1 -1 -1 -1 -1 -1 -1
-1 -1 -1 -1 -1 -1 -1 -1 -1 -1 -1 -1 657 657 657 657 514 514 514 514 464 464 464 464 327 327 327 327 318 318 318 318 681 681 681 681 708 708 708 708 802 802 802 802 793 793 793 793 770 770 770 770 429 429 429 429 194 194 194 194 299 299 299 299 -1 -1 -1 -1 -1 -1 -1 -1 -1 -1 -1 -1 -1 -1 -1 -1 -1 -1 -1 -1 -1 -1 -1 -1 -1 -1 -1 -1 -1 -1 -1 -1
-1 -1 -1 -1 721 721 721 721 691 691 691 691 661 661 661 661 630 630 630 630 900 900 900 900 504 504 504 504 693 693 693 693 679 679 679 679 816 816 816 816 850 850 850 850 826 826 826 826 856 856 856 856 596 596 596 596 205 205 205 205 -1 -1 -1 -1 -1 -1 -1 -1 -1 -1 -1 -1 -1 -1 -1 -1 -1 -1 -1 -1 -1 -1 -1 -1 -1 -1 -1 -1 -1 -1 -1 -1 -1 -1 -1 -1
-1 -1 -1 -1 721 721 721 721 691 691 691 691 661 661 661 661 630 630 630 630 900 900 900 900 504 504 504 504 693 693 693 693 679 679 679 679 816 816 816 816 850 850 850 850 826 826 826 826 856 856 856 856 596 596 596 596 205 205 205 205 -1 -1 -1 -1 -1 -1 -1 -1 -1 -1 -1 -1 -1 -1 -1 -1 -1 -1 -1 -1 -1 -1 -1 -1 -1 -1 -1 -1 -1 -1 -1 -1 -1 -1 -1 -1
-1 -1 -1 -1 721 721 721 721 691 691 691 691 661 661 661 661 630 630 630 630 900 900 900 900 504 504 504 504 693 693 693 693 679 679 679 679 816 816 816 816 850 850 850 850 826 826 826 826 856 856 856 856 596 596 596 596 205 205 205 205 -1 -1 -1 -1 -1 -1 -1 -1 -1 -1 -1 -1 -1 -1 -1 -1 -1 -1 -1 -1 -1 -1 -1 -1 -1 -1 -1 -1 -1 -1 -1 -1 -1 -1 -1 -1
-1 -1 -1 -1 721 721 721 721 691 691 691 691 661 661 661 661 630 630 630 630 900 900 900 900 504 504 504 504 693 693 693 693 679 679 679 679 816 816 816 816 850 850 850 850 826 826 826 826 856 856 856 856 596 596 596 596 205 205 205 205 -1 -1 -1 -1 -1 -1 -1 -1 -1 -1 -1 -1 -1 -1 -1 -1 -1 -1 -1 -1 -1 -1 -1 -1 -1 -1 -1 -1 -1 -1 -1 -1 -1 -1 -1 -1
654 654 654 654 588 588 588 588 563 563 563 563 474 474 474 474 898 898 898 898 853 853 853 853 765 765 765 765 618 618 618 618 819 819 819 819 869 869 869 869 854 854 854 854 842 842 842 842 616 616 616 616 384 384 384 384 598 598 598 598 -1 -1 -1 -1 -1 -1 -1 -1 -1 -1 -1 -1 -1 -1 -1 -1 -1 -1 -1 -1 -1 -1 -1 -1 -1 -1 -1 -1 -1 -1 -1 -1 -1 -1 -1 -1
654 654 654 654 588 588 588 588 563 563 563 563 474 474 474 474 898 898 898 898 853 853 853 853 765 765 765 765 618 618 618 618 819 819 819 819 869 869 869 869 854 854 854 854 842 842 842 842 616 616 616 616 384 384 384 384 598 598 598 598 -1 -1 -1 -1 -1 -1 -1 -1 -1 -1 -1 -1 -1 -1 -1 -1 -1 -1 -1 -1 -1 -1 -1 -1 -1 -1 -1 -1 -1 -1 -1 -1 -1 -1 -1 -1
654 654 654 654 588 588 588 588 563 563 563 563 474 474 474 474 898 898 898 898 853 853 853 853 765 765 765 765 618 618 618 618 819 819 819 819 869 869 869 869 854 854 854 854 842 842 842 842 616 616 616 616 384 384 384 384 598 598 598 598 -1 -1 -1 -1 -1 -1 -1 -1 -1 -1 -1 -1 -1 -1 -1 -1 -1 -1 -1 -1 -1 -1 -1 -1 -1 -1 -1 -1 -1 -1 -1 -1 -1 -1 -1 -1
654 654 654 654 588 588 588 588 563 563 563 563 474 474 474 474 898 898 898 898 853 853 853 853 765 765 765 765 618 618 618 618 819 819 819 819 869 869 869 869 854 854 854 854 842 842 842 842 616 616 616 616 384 384 384 384 598 598 598 598 -1 -1 -1 -1 -1 -1 -1 -1 -1 -1 -1 -1 -1 -1 -1 -1 -1 -1 -1 -1 -1 -1 -1 -1 -1 -1 -1 -1 -1 -1 -1 -1 -1 -1 -1 -1
823 823 823 823 797 797 797 797 578 578 578 578 743 743 743 743 908 908 908 908 916 916 916 916 874 874 874 874 831 831 831 831 720 720 720 720 667 667 667 667 589 589 589 589 410 410 410 410 716 716 716 716 81 81 81 81 -1 -1 -1 -1 -1 -1 -1 -1 -1 -1 -1 -1 -1 -1 -1 -1 -1 -1 -1 -1 -1 -1 -1 -1 -1 -1 -1 -1 -1 -1 -1 -1 -1 -1 -1 -1 -1 -1 -1 -1
823 823 823 823 797 797 797 797 578 578 578 578 743 743 743 743 908 908 908 908 916 916 916 916 874 874 874 874 831 831 831 831 720 720 720 720 667 667 667 667 589 589 589 589 410 410 410 410 716 716 716 716 81 81 81 81 -1 -1 -1 -1 -1 -1 -1 -1 -1 -1 -1 -1 -1 -1 -1 -1 -1 -1 -1 -1 -1 -1 -1 -1 -1 -1 -1 -1 -1 -1 -1 -1 -1 -1 -1 -1 -1 -1 -1 -1
823 823 823 823 797 797 797 797 578 578 578 578 743 743 743 743 908 908 908 908 916 916 916 916 874 874 874 874 831 831 831 831 720 720 720 720 667 667 667 667 589 589 589 589 410 410 410 410 716 716 716 716 81 81 81 81 -1 -1 -1 -1 -1 -1 -1 -1 -1 -1 -1 -1 -1 -1 -1 -1 -1 -1 -1 -1 -1 -1 -1 -1 -1 -1 -1 -1 -1 -1 -1 -1 -1 -1 -1 -1 -1 -1 -1 -1
823 823 823 823 797 797 797 797 578 578 578 578 743 743 743 743 908 908 908 908 916 916 916 916 874 874 874 874 831 831 831 831 720 720 720 720 667 667 667 667 589 589 589 589 410 410 410 410 716 716 716 716 81 81 81 81 -1 -1 -1 -1 -1 -1 -1 -1 -1 -1 -1 -1 -1 -1 -1 -1 -1 -1 -1 -1 -1 -1 -1 -1 -1 -1 -1 -1 -1 -1 -1 -1 -1 -1 -1 -1 -1 -1 -1 -1
891 891 891 891 909 909 909 909 835 835 835 835 859 859 859 859 948 948 948 948 812 812 812 812 903 903 903 903 914 914 914 914 922 922 922 922 926 926 926 926 652 652 652 652 393 393 393 393 352 352 352 352 122 122 122 122 -1 -1 -1 -1 -1 -1 -1 -1 -1 -1 -1 -1 -1 -1 -1 -1 -1 -1 -1 -1 -1 -1 -1 -1 -1 -1 -1 -1 -1 -1 -1 -1 -1 -1 -1 -1 -1 -1 -1 -1
891 891 891 891 909 909 909 909 835 835 835 835 859 859 859 859 948 948 948 948 812 812 812 812 903 903 903 903 914 914 914 914 922 922 922 922 926 926 926 926 652 652 652 652 393 393 393 393 352 352 352 352 122 122 122 122 -1 -1 -1 -1 -1 -1 -1 -1 -1 -1 -1 -1 -1 -1 -1 -1 -1 -1 -1 -1 -1 -1 -1 -1 -1 -1 -1 -1 -1 -1 -1 -1 -1 -1 -1 -1 -1 -1 -1 -1
891 891 891 891 909 909 909 909 835 835 835 835 859 859 859 859 948 948 948 948 812 812 812 812 903 903 903 903 914 914 914 914 922 922 922 922 926 926 926 926 652 652 652 652 393 393 393 393 352 352 352 352 122 122 122 122 -1 -1 -1 -1 -1 -1 -1 -1 -1 -1 -1 -1 -1 -1 -1 -1 -1 -1 -1 -1 -1 -1 -1 -1 -1 -1 -1 -1 -1 -1 -1 -1 -1 -1 -1 -1 -1 -1 -1 -1
891 891 891 891 909 909 909 909 835 835 835 835 859 859 859 859 948 948 948 948 812 812 812 812 903 903 903 903 914 914 914 914 922 922 922 922 926 926 926 926 652 652 652 652 393 393 393 393 352 352 352 352 122 122 122 122 -1 -1 -1 -1 -1 -1 -1 -1 -1 -1 -1 -1 -1 -1 -1 -1 -1 -1 -1 -1 -1 -1 -1 -1 -1 -1 -1 -1 -1 -1 -1 -1 -1 -1 -1 -1 -1 -1 -1 -1
711 711 711 711 776 776 776 776 918 918 918 918 949 949 949 949 905 905 905 905 684 684 684 684 864 864 864 864 938 938 938 938 921 921 921 921 842 842 842 842 659 659 659 659 521 521 521 521 402 402 402 402 -1 -1 -1 -1 -1 -1 -1 -1 -1 -1 -1 -1 -1 -1 -1 -1 -1 -1 -1 -1 -1 -1 -1 -1 -1 -1 -1 -1 -1 -1 -1 -1 -1 -1 -1 -1 -1 -1 -1 -1 -1 -1 -1 -1
711 711 711 711 776 776 776 776 918 918 918 918 949 949 949 949 905 905 905 905 684 684 684 684 864 864 864 864 938 938 938 938 921 921 921 921 842 842 842 842 659 659 659 659 521 521 521 521 402 402 402 402 -1 -1 -1 -1 -1 -1 -1 -1 -1 -1 -1 -1 -1 -1 -1 -1 -1 -1 -1 -1 -1 -1 -1 -1 -1 -1 -1 -1 -1 -1 -1 -1 -1 -1 -1 -1 -1 -1 -1 -1 -1 -1 -1 -1
711 711 711 711 776 776 776 776 918 918 918 918 949 949 949 949 905 905 905 905 684 684 684 684 864 864 864 864 938 938 938 938 921 921 921 921 842 842 842 842 659 659 659 659 521 521 521 521 402 402 402 402 -1 -1 -1 -1 -1 -1 -1 -1 -1 -1 -1 -1 -1 -1 -1 -1 -1 -1 -1 -1 -1 -1 -1 -1 -1 -1 -1 -1 -1 -1 -1 -1 -1 -1 -1 -1 -1 -1 -1 -1 -1 -1 -1 -1
711 711 711 711 776 776 776 776 918 918 918 918 949 949 949 949 905 905 905 905 684 684 684 684 864 864 864 864 938 938 938 938 921 921 921 921 842 842 842 842 659 659 659 659 521 521 521 521 402 402 402 402 -1 -1 -1 -1 -1 -1 -1 -1 -1 -1 -1 -1 -1 -1 -1 -1 -1 -1 -1 -1 -1 -1 -1 -1 -1 -1 -1 -1 -1 -1 -1 -1 -1 -1 -1 -1 -1 -1 -1 -1 -1 -1 -1 -1
717 717 717 717 670 670 670 670 922 922 922 922 871 871 871 871 794 794 794 794 621 621 621 621 943 943 943 943 949 949 949 949 743 743 743 743 889 889 889 889 854 854 854 854 374 374 374 374 197 197 197 197 -1 -1 -1 -1 -1 -1 -1 -1 -1 -1 -1 -1 -1 -1 -1 -1 -1 -1 -1 -1 -1 -1 -1 -1 -1 -1 -1 -1 -1 -1 -1 -1 -1 -1 -1 -1 -1 -1 -1 -1 -1 -1 -1 -1
717 717 717 717 670 670 670 670 922 922 922 922 871 871 871 871 794 794 794 794 621 621 621 621 943 943 943 943 949 949 949 949 743 743 743 743 889 889 889 889 854 854 854 854 374 374 374 374 197 197 197 197 -1 -1 -1 -1 -1 -1 -1 -1 -1 -1 -1 -1 -1 -1 -1 -1 -1 -1 -1 -1 -1 -1 -1 -1 -1 -1 -1 -1 -1 -1 -1 -1 -1 -1 -1 -1 -1 -1 -1 -1 -1 -1 -1 -1
717 717 717 717 670 670 670 670 922 922 922 922 871 871 871 871 794 794 794 794 621 621 621 621 943 943 943 943 949 949 949 949 743 743 743 743 889 889 889 889 854 854 854 854 374 374 374 374 197 197 197 197 -1 -1 -1 -1 -1 -1 -1 -1 -1 -1 -1 -1 -1 -1 -1 -1 -1 -1 -1 -1 -1 -1 -1 -1 -1 -1 -1 -1 -1 -1 -1 -1 -1 -1 -1 -1 -1 -1 -1 -1 -1 -1 -1 -1
717 717 717 717 670 670 670 670 922 922 922 922 871 871 871 871 794 794 794 794 621 621 621 621 943 943 943 943 949 949 949 949 743 743 743 743 889 889 889 889 854 854 854 854 374 374 374 374 197 197 197 197 -1 -1 -1 -1 -1 -1 -1 -1 -1 -1 -1 -1 -1 -1 -1 -1 -1 -1 -1 -1 -1 -1 -1 -1 -1 -1 -1 -1 -1 -1 -1 -1 -1 -1 -1 -1 -1 -1 -1 -1 -1 -1 -1 -1
-1 -1 -1 -1 919 919 919 919 924 924 924 924 860 860 860 860 590 590 590 590 857 857 857 857 980 980 980 980 968 968 968 968 784 784 784 784 792 792 792 792 516 516 516 516 78 78 78 78 13 13 13 13 -1 -1 -1 -1 -1 -1 -1 -1 -1 -1 -1 -1 -1 -1 -1 -1 -1 -1 -1 -1 -1 -1 -1 -1 -1 -1 -1 -1 -1 -1 -1 -1 -1 -1 -1 -1 -1 -1 -1 -1 -1 -1 -1 -1
-1 -1 -1 -1 919 919 919 919 924 924 924 924 860 860 860 860 590 590 590 590 857 857 857 857 980 980 980 980 968 968 968 968 784 784 784 784 792 792 792 792 516 516 516 516 78 78 78 78 13 13 13 13 -1 -1 -1 -1 -1 -1 -1 -1 -1 -1 -1 -1 -1 -1 -1 -1 -1 -1 -1 -1 -1 -1 -1 -1 -1 -1 -1 -1 -1 -1 -1 -1 -1 -1 -1 -1 -1 -1 -1 -1 -1 -1 -1 -1
-1 -1 -1 -1 919 919 919 919 924 924 924 924 860 860 860 860 590 590 590 590 857 857 857 857 980 980 980 980 968 968 968 968 784 784 784 784 792 792 792 792 516 516 516 516 78 78 78 78 13 13 13 13 -1 -1 -1 -1 -1 -1 -1 -1 -1 -1 -1 -1 -1 -1 -1 -1 -1 -1 -1 -1 -1 -1 -1 -1 -1 -1 -1 -1 -1 -1 -1 -1 -1 -1 -1 -1 -1 -1 -1 -1 -1 -1 -1 -1
-1 -1 -1 -1 919 919 919 919 924 924 924 924 860 860 860 860 590 590 590 590 857 857 857 857 980 980 980 980 968 968 968 968 784 784 784 784 792 792 792 792 516 516 516 516 78 78 78 78 13 13 13 13 -1 -1 -1 -1 -1 -1 -1 -1 -1 -1 -1 -1 -1 -1 -1 -1 -1 -1 -1 -1 -1 -1 -1 -1 -1 -1 -1 -1 -1 -1 -1 -1 -1 -1 -1 -1 -1 -1 -1 -1 -1 -1 -1 -1
-1 -1 -1 -1 -1 -1 -1 -1 842 842 842 842 598 598 598 598 671 671 671 671 804 804 804 804 908 908 908 908 828 828 828 828 865 865 865 865 690 690 690 690 161 161 161 161 35 35 35 35 0 0 0 0 -1 -1 -1 -1 -1 -1 -1 -1 -1 -1 -1 -1 -1 -1 -1 -1 -1 -1 -1 -1 -1 -1 -1 -1 -1 -1 -1 -1 -1 -1 -1 -1 -1 -1 -1 -1 -1 -1 -1 -1 -1 -1 -1 -1
-1 -1 -1 -1 -1 -1 -1 -1 842 842 842 842 598 598 598 598 671 671 671 671 804 804 804 804 908 908 908 908 828 828 828 828 865 865 865 865 690 690 690 690 161 161 161 161 35 35 35 35 0 0 0 0 -1 -1 -1 -1 -1 -1 -1 -1 -1 -1 -1 -1 -1 -1 -1 -1 -1 -1 -1 -1 -1 -1 -1 -1 -1 -1 -1 -1 -1 -1 -1 -1 -1 -1 -1 -1 -1 -1 -1 -1 -1 -1 -1 -1
-1 -1 -1 -1 -1 -1 -1 -1 842 842 842 842 598 598 598 598 671 671 671 671 804 804 804 804 908 908 908 908 828 828 828 828 865 865 865 865 690 690 690 690 161 161 161 161 35 35 35 35 0 0 0 0 -1 -1 -1 -1 -1 -1 -1 -1 -1 -1 -1 -1 -1 -1 -1 -1 -1 -1 -1 -1 -1 -1 -1 -1 -1 -1 -1 -1 -1 -1 -1 -1 -1 -1 -1 -1 -1 -1 -1 -1 -1 -1 -1 -1
-1 -1 -1 -1 -1 -1 -1 -1 842 842 842 842 598 598 598 598 671 671 671 671 804 804 804 804 908 908 908 908 828 828 828 828 865 865 865 865 690 690 690 690 161 161 161 161 35 35 35 35 0 0 0 0 -1 -1 -1 -1 -1 -1 -1 -1 -1 -1 -1 -1 -1 -1 -1 -1 -1 -1 -1 -1 -1 -1 -1 -1 -1 -1 -1 -1 -1 -1 -1 -1 -1 -1 -1 -1 -1 -1 -1 -1 -1 -1 -1 -1
-1 -1 -1 -1 -1 -1 -1 -1 -1 -1 -1 -1 614 614 614 614 771 771 771 771 678 678 678 678 782 782 782 782 842 842 842 842 652 652 652 652 607 607 607 607 109 109 109 109 51 51 51 51 0 0 0 0 -1 -1 -1 -1 -1 -1 -1 -1 -1 -1 -1 -1 -1 -1 -1 -1 -1 -1 -1 -1 -1 -1 -1 -1 -1 -1 -1 -1 -1 -1 -1 -1 -1 -1 -1 -1 -1 -1 -1 -1 -1 -1 -1 -1
-1 -1 -1 -1 -1 -1 -1 -1 -1 -1 -1 -1 614 614 614 614 771 771 771 771 678 678 678 678 782 782 782 782 842 842 842 842 652 652 652 652 607 607 607 607 109 109 109 109 51 51 51 51 0 0 0 0 -1 -1 -1 -1 -1 -1 -1 -1 -1 -1 -1 -1 -1 -1 -1 -1 -1 -1 -1 -1 -1 -1 -1 -1 -1 -1 -1 -1 -1 -1 -1 -1 -1 -1 -1 -1 -1 -1 -1 -1 -1 -1 -1 -1
-1 -1 -1 -1 -1 -1 -1 -1 -1 -1 -1 -1 614 614 614 614 771 771 771 771 678 678 678 678 782 782 782 782 842 842 842 842 652 652 652 652 607 607 607 607 109 109 109 109 51 51 51 51 0 0 0 0 -1 -1 -1 -1 -1 -1 -1 -1 -1 -1 -1 -1 -1 -1 -1 -1 -1 -1 -1 -1 -1 -1 -1 -1 -1 -1 -1 -1 -1 -1 -1 -1 -1 -1 -1 -1 -1 -1 -1 -1 -1 -1 -1 -1
-1 -1 -1 -1 -1 -1 -1 -1 -1 -1 -1 -1 614 614 614 614 771 771 771 771 678 678 678 678 782 782 782 782 842 842 842 842 652 652 652 652 607 607 607 607 109 109 109 109 51 51 51 51 0 0 0 0 -1 -1 -1 -1 -1 -1 -1 -1 -1 -1 -1 -1 -1 -1 -1 -1 -1 -1 -1 -1 -1 -1 -1 -1 -1 -1 -1 -1 -1 -1 -1 -1 -1 -1 -1 -1 -1 -1 -1 -1 -1 -1 -1 -1
-1 -1 -1 -1 -1 -1 -1 -1 -1 -1 -1 -1 -1 -1 -1 -1 833 833 833 833 722 722 722 722 862 862 862 862 783 783 783 783 789 789 789 789 448 448 448 448 64 64 64 64 16 16 16 16 28 28 28 28 -1 -1 -1 -1 -1 -1 -1 -1 -1 -1 -1 -1 -1 -1 -1 -1 -1 -1 -1 -1 -1 -1 -1 -1 -1 -1 -1 -1 -1 -1 -1 -1 -1 -1 -1 -1 -1 -1 -1 -1 -1 -1 -1 -1
-1 -1 -1 -1 -1 -1 -1 -1 -1 -1 -1 -1 -1 -1 -1 -1 833 833 833 833 722 722 722 722 862 862 862 862 783 783 783 783 789 789 789 789 448 448 448 448 64 64 64 64 16 16 16 16 28 28 28 28 -1 -1 -1 -1 -1 -1 -1 -1 -1 -1 -1 -1 -1 -1 -1 -1 -1 -1 -1 -1 -1 -1 -1 -1 -1 -1 -1 -1 -1 -1 -1 -1 -1 -1 -1 -1 -1 -1 -1 -1 -1 -1 -1 -1
-1 -1 -1 -1 -1 -1 -1 -1 -1 -1 -1 -1 -1 -1 -1 -1 833 833 833 833 722 722 722 722 862 862 862 862 783 783 783 783 789 789 789 789 448 448 448 448 64 64 64 64 16 16 16 16 28 28 28 28 -1 -1 -1 -1 -1 -1 -1 -1 -1 -1 -1 -1 -1 -1 -1 -1 -1 -1 -1 -1 -1 -1 -1 -1 -1 -1 -1 -1 -1 -1 -1 -1 -1 -1 -1 -1 -1 -1 -1 -1 -1 -1 -1 -1
-1 -1 -1 -1 -1 -1 -1 -1 -1 -1 -1 -1 -1 -1 -1 -1 833 833 833 833 722 722 722 722 862 862 862 862 783 783 783 783 789 789 789 789 448 448 448 448 64 64 64 64 16 16 16 16 28 28 28 28 -1 -1 -1 -1 -1 -1 -1 -1 -1 -1 -1 -1 -1 -1 -1 -1 -1 -1 -1 -1 -1 -1 -1 -1 -1 -1 -1 -1 -1 -1 -1 -1 -1 -1 -1 -1 -1 -1 -1 -1 -1 -1 -1 -1
