modules/wolfAlps/data/HabitatSuitability.asc
ncols       436
nrows       296
xllcorner   314690.99952243
yllcorner   4849886.97344530
cellsize    1250
NODATA_value  -2
[rows 52 to 103 of 296, columns 96 to 191 of 436]
-1 -1 -1 -1 -1 -1 -1 -1 -1 -1 -1 -1 -1 -1 -1 -1 -1 -1 -1 -1 -1 -1 -1 -1 -1 -1 -1 -1 -1 -1 -1 -1 -1 -1 -1 -1 -1 -1 -1 -1 -1 -1 -1 -1 -1 -1 -1 -1 -1 -1 -1 -1 -1 -1 -1 -1 -1 -1 -1 -1 -1 -1 -1 -1 -1 -1 -1 -1 -1 -1 -1 -1 367 367 367 367 -1 -1 -1 -1 -1 -1 -1 -1 -1 -1 -1 -1 -1 -1 -1 -1 -1 -1 -1 -1
-1 -1 -1 -1 -1 -1 -1 -1 -1 -1 -1 -1 -1 -1 -1 -1 -1 -1 -1 -1 -1 -1 -1 -1 -1 -1 -1 -1 -1 -1 -1 -1 -1 -1 -1 -1 -1 -1 -1 -1 -1 -1 -1 -1 -1 -1 -1 -1 -1 -1 -1 -1 -1 -1 -1 -1 -1 -1 -1 -1 -1 -1 -1 -1 -1 -1 -1 -1 -1 -1 -1 -1 367 367 367 367 -1 -1 -1 -1 -1 -1 -1 -1 -1 -1 -1 -1 -1 -1 -1 -1 -1 -1 -1 -1
-1 -1 -1 -1 -1 -1 -1 -1 -1 -1 -1 -1 -1 -1 -1 -1 -1 -1 -1 -1 -1 -1 -1 -1 -1 -1 -1 -1 -1 -1 -1 -1 -1 -1 -1 -1 -1 -1 -1 -1 -1 -1 -1 -1 -1 -1 -1 -1 -1 -1 -1 -1 -1 -1 -1 -1 -1 -1 -1 -1 -1 -1 -1 -1 -1 -1 -1 -1 -1 -1 -1 -1 367 367 367 367 -1 -1 -1 -1 -1 -1 -1 -1 -1 -1 -1 -1 -1 -1 -1 -1 -1 -1 -1 -1
-1 -1 -1 -1 -1 -1 -1 -1 -1 -1 -1 -1 -1 -1 -1 -1 -1 -1 -1 -1 -1 -1 -1 -1 -1 -1 -1 -1 -1 -1 -1 -1 -1 -1 -1 -1 -1 -1 -1 -1 -1 -1 -1 -1 -1 -1 -1 -1 -1 -1 -1 -1 -1 -1 -1 -1 -1 -1 -1 -1 -1 -1 -1 -1 -1 -1 -1 -1 -1 -1 -1 -1 367 367 367 367 -1 -1 -1 -1 -1 -1 -1 -1 -1 -1 -1 -1 -1 -1 -1 -1 -1 -1 -1 -1
-1 -1 -1 -1 -1 -1 -1 -1 -1 -1 -1 -1 -1 -1 -1 -1 626 626 626 626 470 470 470 470 -1 -1 -1 -1 -1 -1 -1 -1 -1 -1 -1 -1 -1 -1 -1 -1 -1 -1 -1 -1 -1 -1 -1 -1 -1 -1 -1 -1 -1 -1 -1 -1 -1 -1 -1 -1 -1 -1 -1 -1 -1 -1 -1 -1 516 516 516 516 698 698 698 698 626 626 626 626 656 656 656 656 -1 -1 -1 -1 -1 -1 -1 -1 -1 -1 -1 -1
-1 -1 -1 -1 -1 -1 -1 -1 -1 -1 -1 -1 -1 -1 -1 -1 626 626 626 626 470 470 470 470 -1 -1 -1 -1 -1 -1 -1 -1 -1 -1 -1 -1 -1 -1 -1 -1 -1 -1 -1 -1 -1 -1 -1 -1 -1 -1 -1 -1 -1 -1 -1 -1 -1 -1 -1 -1 -1 -1 -1 -1 -1 -1 -1 -1 516 516 516 516 698 698 698 698 626 626 626 626 656 656 656 656 -1 -1 -1 -1 -1 -1 -1 -1 -1 -1 -1 -1
-1 -1 -1 -1 -1 -1 -1 -1 -1 -1 -1 -1 -1 -1 -1 -1 626 626 626 626 470 470 470 470 -1 -1 -1 -1 -1 -1 -1 -1 -1 -1 -1 -1 -1 -1 -1 -1 -1 -1 -1 -1 -1 -1 -1 -1 -1 -1 -1 -1 -1 -1 -1 -1 -1 -1 -1 -1 -1 -1 -1 -1 -1 -1 -1 -1 516 516 516 516 698 698 698 698 626 626 626 626 656 656 656 656 -1 -1 -1 -1 -1 -1 -1 -1 -1 -1 -1 -1
-1 -1 -1 -1 -1 -1 -1 -1 -1 -1 -1 -1 -1 -1 -1 -1 626 626 626 626 470 470 470 470 -1 -1 -1 -1 -1 -1 -1 -1 -1 -1 -1 -1 -1 -1 -1 -1 -1 -1 -1 -1 -1 -1 -1 -1 -1 -1 -1 -1 -1 -1 -1 -1 -1 -1 -1 -1 -1 -1 -1 -1 -1 -1 -1 -1 516 516 516 516 698 698 698 698 626 626 626 626 656 656 656 656 -1 -1 -1 -1 -1 -1 -1 -1 -1 -1 -1 -1
-1 -1 -1 -1 -1 -1 -1 -1 263 263 263 263 747 747 747 747 539 539 539 539 500 500 500 500 634 634 634 634 704 704 704 704 455 455 455 455 -1 -1 -1 -1 -1 -1 -1 -1 -1 -1 -1 -1 -1 -1 -1 -1 -1 -1 -1 -1 -1 -1 -1 -1 545 545 545 545 518 518 518 518 744 744 744 744 825 825 825 825 661 661 661 661 608 608 608 608 600 600 600 600 602 602 602 602 477 477 477 477
-1 -1 -1 -1 -1 -1 -1 -1 263 263 263 263 747 747 747 747 539 539 539 539 500 500 500 500 634 634 634 634 704 704 704 704 455 455 455 455 -1 -1 -1 -1 -1 -1 -1 -1 -1 -1 -1 -1 -1 -1 -1 -1 -1 -1 -1 -1 -1 -1 -1 -1 545 545 545 545 518 518 518 518 744 744 744 744 825 825 825 825 661 661 661 661 608 608 608 608 600 600 600 600 602 602 602 602 477 477 477 477
-1 -1 -1 -1 -1 -1 -1 -1 263 263 263 263 747 747 747 747 539 539 539 539 500 500 500 500 634 634 634 634 704 704 704 704 455 455 455 455 -1 -1 -1 -1 -1 -1 -1 -1 -1 -1 -1 -1 -1 -1 -1 -1 -1 -1 -1 -1 -1 -1 -1 -1 545 545 545 545 518 518 518 518 744 744 744 744 825 825 825 825 661 661 661 661 608 608 608 608 600 600 600 600 602 602 602 602 477 477 477 477
-1 -1 -1 -1 -1 -1 -1 -1 263 263 263 263 747 747 747 747 539 539 539 539 500 500 500 500 634 634 634 634 704 704 704 704 455 455 455 455 -1 -1 -1 -1 -1 -1 -1 -1 -1 -1 -1 -1 -1 -1 -1 -1 -1 -1 -1 -1 -1 -1 -1 -1 545 545 545 545 518 518 518 518 744 744 744 744 825 825 825 825 661 661 661 661 608 608 608 608 600 600 600 600 602 602 602 602 477 477 477 477
-1 -1 -1 -1 572 572 572 572 508 508 508 508 719 719 719 719 652 652 652 652 624 624 624 624 575 575 575 575 769 769 769 769 612 612 612 612 635 635 635 635 652 652 652 652 -1 -1 -1 -1 -1 -1 -1 -1 740 740 740 740 613 613 613 613 515 515 515 515 715 715 715 715 543 543 543 543 904 904 904 904 547 547 547 547 436 436 436 436 403 403 403 403 631 631 631 631 619 619 619 619
-1 -1 -1 -1 572 572 572 572 508 508 508 508 719 719 719 719 652 652 652 652 624 624 624 624 575 575 575 575 769 769 769 769 612 612 612 612 635 635 635 635 652 652 652 652 -1 -1 -1 -1 -1 -1 -1 -1 740 740 740 740 613 613 613 613 515 515 515 515 715 715 715 715 543 543 543 543 904 904 904 904 547 547 547 547 436 436 436 436 403 403 403 403 631 631 631 631 619 619 619 619
-1 -1 -1 -1 572 572 572 572 508 508 508 508 719 719 719 719 652 652 652 652 624 624 624 624 575 575 575 575 769 769 769 769 612 612 612 612 635 635 635 635 652 652 652 652 -1 -1 -1 -1 -1 -1 -1 -1 740 740 740 740 613 613 613 613 515 515 515 515 715 715 715 715 543 543 543 543 904 904 904 904 547 547 547 547 436 436 436 436 403 403 403 403 631 631 631 631 619 619 619 619
-1 -1 -1 -1 572 572 572 572 508 508 508 508 719 719 719 719 652 652 652 652 624 624 624 624 575 575 575 575 769 769 769 769 612 612 612 612 635 635 635 635 652 652 652 652 -1 -1 -1 -1 -1 -1 -1 -1 740 740 740 740 613 613 613 613 515 515 515 515 715 715 715 715 543 543 543 543 904 904 904 904 547 547 547 547 436 436 436 436 403 403 403 403 631 631 631 631 619 619 619 619
535 535 535 535 601 601 601 601 854 854 854 854 858 858 858 858 696 696 696 696 595 595 595 595 714 714 714 714 721 721 721 721 567 567 567 567 711 711 711 711 654 654 654 654 812 812 812 812 629 629 629 629 593 593 593 593 639 639 639 639 719 719 719 719 779 779 779 779 619 619 619 619 938 938 938 938 891 891 891 891 880 880 880 880 709 709 709 709 545 545 545 545 268 268 268 268
535 535 535 535 601 601 601 601 854 854 854 854 858 858 858 858 696 696 696 696 595 595 595 595 714 714 714 714 721 721 721 721 567 567 567 567 711 711 711 711 654 654 654 654 812 812 812 812 629 629 629 629 593 593 593 593 639 639 639 639 719 719 719 719 779 779 779 779 619 619 619 619 938 938 938 938 891 891 891 891 880 880 880 880 709 709 709 709 545 545 545 545 268 268 268 268
535 535 535 535 601 601 601 601 854 854 854 854 858 858 858 858 696 696 696 696 595 595 595 595 714 714 714 714 721 721 721 721 567 567 567 567 711 711 711 711 654 654 654 654 812 812 812 812 629 629 629 629 593 593 593 593 639 639 639 639 719 719 719 719 779 779 779 779 619 619 619 619 938 938 938 938 891 891 891 891 880 880 880 880 709 709 709 709 545 545 545 545 268 268 268 268
535 535 535 535 601 601 601 601 854 854 854 854 858 858 858 858 696 696 696 696 595 595 595 595 714 714 714 714 721 721 721 721 567 567 567 567 711 711 711 711 654 654 654 654 812 812 812 812 629 629 629 629 593 593 593 593 639 639 639 639 719 719 719 719 779 779 779 779 619 619 619 619 938 938 938 938 891 891 891 891 880 880 880 880 709 709 709 709 545 545 545 545 268 268 268 268
561 561 561 561 933 933 933 933 917 917 917 917 871 871 871 871 794 794 794 794 734 734 734 734 750 750 750 750 728 728 728 728 743 743 743 743 757 757 757 757 741 741 741 741 725 725 725 725 689 689 689 689 742 742 742 742 770 770 770 770 723 723 723 723 753 753 753 753 797 797 797 797 746 746 746 746 948 948 948 948 767 767 767 767 537 537 537 537 364 364 364 364 405 405 405 405
561 561 561 561 933 933 933 933 917 917 917 917 871 871 871 871 794 794 794 794 734 734 734 734 750 750 750 750 728 728 728 728 743 743 743 743 757 757 757 757 741 741 741 741 725 725 725 725 689 689 689 689 742 742 742 742 770 770 770 770 723 723 723 723 753 753 753 753 797 797 797 797 746 746 746 746 948 948 948 948 767 767 767 767 537 537 537 537 364 364 364 364 405 405 405 405
561 561 561 561 933 933 933 933 917 917 917 917 871 871 871 871 794 794 794 794 734 734 734 734 750 750 750 750 728 728 728 728 743 743 743 743 757 757 757 757 741 741 741 741 725 725 725 725 689 689 689 689 742 742 742 742 770 770 770 770 723 723 723 723 753 753 753 753 797 797 797 797 746 746 746 746 948 948 948 948 767 767 767 767 537 537 537 537 364 364 364 364 405 405 405 405
561 561 561 561 933 933 933 933 917 917 917 917 871 871 871 871 794 794 794 794 734 734 734 734 750 750 750 750 728 728 728 728 743 743 743 743 757 757 757 757 741 741 741 741 725 725 725 725 689 689 689 689 742 742 742 742 770 770 770 770 723 723 723 723 753 753 753 753 797 797 797 797 746 746 746 746 948 948 948 948 767 767 767 767 537 537 537 537 364 364 364 364 405 405 405 405
878 878 878 878 831 831 831 831 857 857 857 857 944 944 944 944 749 749 749 749 677 677 677 677 732 732 732 732 805 805 805 805 754 754 754 754 760 760 760 760 784 784 784 784 672 672 672 672 788 788 788 788 679 679 679 679 708 708 708 708 744 744 744 744 669 669 669 669 858 858 858 858 814 814 814 814 688 688 688 688 885 885 885 885 673 673 673 673 827 827 827 827 718 718 718 718
878 878 878 878 831 831 831 831 857 857 857 857 944 944 944 944 749 749 749 749 677 677 677 677 732 732 732 732 805 805 805 805 754 754 754 754 760 760 760 760 784 784 784 784 672 672 672 672 788 788 788 788 679 679 679 679 708 708 708 708 744 744 744 744 669 669 669 669 858 858 858 858 814 814 814 814 688 688 688 688 885 885 885 885 673 673 673 673 827 827 827 827 718 718 718 718
878 878 878 878 831 831 831 831 857 857 857 857 944 944 944 944 749 749 749 749 677 677 677 677 732 732 732 732 805 805 805 805 754 754 754 754 760 760 760 760 784 784 784 784 672 672 672 672 788 788 788 788 679 679 679 679 708 708 708 708 744 744 744 744 669 669 669 669 858 858 858 858 814 814 814 814 688 688 688 688 885 885 885 885 673 673 673 673 827 827 827 827 718 718 718 718
878 878 878 878 831 831 831 831 857 857 857 857 944 944 944 944 749 749 749 749 677 677 677 677 732 732 732 732 805 805 805 805 754 754 754 754 760 760 760 760 784 784 784 784 672 672 672 672 788 788 788 788 679 679 679 679 708 708 708 708 744 744 744 744 669 669 669 669 858 858 858 858 814 814 814 814 688 688 688 688 885 885 885 885 673 673 673 673 827 827 827 827 718 718 718 718
919 919 919 919 887 887 887 887 893 893 893 893 786 786 786 786 901 901 901 901 828 828 828 828 818 818 818 818 816 816 816 816 779 779 779 779 804 804 804 804 758 758 758 758 811 811 811 811 796 796 796 796 588 588 588 588 869 869 869 869 833 833 833 833 870 870 870 870 926 926 926 926 915 915 915 915 588 588 588 588 933 933 933 933 649 649 649 649 938 938 938 938 919 919 919 919
919 919 919 919 887 887 887 887 893 893 893 893 786 786 786 786 901 901 901 901 828 828 828 828 818 818 818 818 816 816 816 816 779 779 779 779 804 804 804 804 758 758 758 758 811 811 811 811 796 796 796 796 588 588 588 588 869 869 869 869 833 833 833 833 870 870 870 870 926 926 926 926 915 915 915 915 588 588 588 588 933 933 933 933 649 649 649 649 938 938 938 938 919 919 919 919
919 919 919 919 887 887 887 887 893 893 893 893 786 786 786 786 901 901 901 901 828 828 828 828 818 818 818 818 816 816 816 816 779 779 779 779 804 804 804 804 758 758 758 758 811 811 811 811 796 796 796 796 588 588 588 588 869 869 869 869 833 833 833 833 870 870 870 870 926 926 926 926 915 915 915 915 588 588 588 588 933 933 933 933 649 649 649 649 938 938 938 938 919 919 919 919
919 919 919 919 887 887 887 887 893 893 893 893 786 786 786 786 901 901 901 901 828 828 828 828 818 818 818 818 816 816 816 816 779 779 779 779 804 804 804 804 758 758 758 758 811 811 811 811 796 796 796 796 588 588 588 588 869 869 869 869 833 833 833 833 870 870 870 870 926 926 926 926 915 915 915 915 588 588 588 588 933 933 933 933 649 649 649 649 938 938 938 938 919 919 919 919
868 868 868 868 885 885 885 885 734 734 734 734 949 949 949 949 869 869 869 869 937 937 937 937 920 920 920 920 815 815 815 815 699 699 699 699 223 223 223 223 219 219 219 219 411 411 411 411 439 439 439 439 796 796 796 796 852 852 852 852 926 926 926 926 972 972 972 972 676 676 676 676 273 273 273 273 406 406 406 406 648 648 648 648 707 707 707 707 710 710 710 710 610 610 610 610
868 868 868 868 885 885 885 885 734 734 734 734 949 949 949 949 869 869 869 869 937 937 937 937 920 920 920 920 815 815 815 815 699 699 699 699 223 223 223 223 219 219 219 219 411 411 411 411 439 439 439 439 796 796 796 796 852 852 852 852 926 926 926 926 972 972 972 972 676 676 676 676 273 273 273 273 406 406 406 406 648 648 648 648 707 707 707 707 710 710 710 710 610 610 610 610
868 868 868 868 885 885 885 885 734 734 734 734 949 949 949 949 869 869 869 869 937 937 937 937 920 920 920 920 815 815 815 815 699 699 699 699 223 223 223 223 219 219 219 219 411 411 411 411 439 439 439 439 796 796 796 796 852 852 852 852 926 926 926 926 972 972 972 972 676 676 676 676 273 273 273 273 406 406 406 406 648 648 648 648 707 707 707 707 710 710 710 710 610 610 610 610
868 868 868 868 885 885 885 885 734 734 734 734 949 949 949 949 869 869 869 869 937 937 937 937 920 920 920 920 815 815 815 815 699 699 699 699 223 223 223 223 219 219 219 219 411 411 411 411 439 439 439 439 796 796 796 796 852 852 852 852 926 926 926 926 972 972 972 972 676 676 676 676 273 273 273 273 406 406 406 406 648 648 648 648 707 707 707 707 710 710 710 710 610 610 610 610
966 966 966 966 663 663 663 663 663 663 663 663 824 824 824 824 733 733 733 733 832 832 832 832 944 944 944 944 877 877 877 877 270 270 270 270 493 493 493 493 816 816 816 816 764 764 764 764 799 799 799 799 825 825 825 825 825 825 825 825 963 963 963 963 936 936 936 936 172 172 172 172 654 654 654 654 858 858 858 858 891 891 891 891 836 836 836 836 906 906 906 906 981 981 981 981
966 966 966 966 663 663 663 663 663 663 663 663 824 824 824 824 733 733 733 733 832 832 832 832 944 944 944 944 877 877 877 877 270 270 270 270 493 493 493 493 816 816 816 816 764 764 764 764 799 799 799 799 825 825 825 825 825 825 825 825 963 963 963 963 936 936 936 936 172 172 172 172 654 654 654 654 858 858 858 858 891 891 891 891 836 836 836 836 906 906 906 906 981 981 981 981
966 966 966 966 663 663 663 663 663 663 663 663 824 824 824 824 733 733 733 733 832 832 832 832 944 944 944 944 877 877 877 877 270 270 270 270 493 493 493 493 816 816 816 816 764 764 764 764 799 799 799 799 825 825 825 825 825 825 825 825 963 963 963 963 936 936 936 936 172 172 172 172 654 654 654 654 858 858 858 858 891 891 891 891 836 836 836 836 906 906 906 906 981 981 981 981
966 966 966 966 663 663 663 663 663 663 663 663 824 824 824 824 733 733 733 733 832 832 832 832 944 944 944 944 877 877 877 877 270 270 270 270 493 493 493 493 816 816 816 816 764 764 764 764 799 799 799 799 825 825 825 825 825 825 825 825 963 963 963 963 936 936 936 936 172 172 172 172 654 654 654 654 858 858 858 858 891 891 891 891 836 836 836 836 906 906 906 906 981 981 981 981
973 973 973 973 672 672 672 672 866 866 866 866 860 860 860 860 845 845 845 845 872 872 872 872 887 887 887 887 965 965 965 965 521 521 521 521 876 876 876 876 860 860 860 860 709 709 709 709 664 664 664 664 793 793 793 793 960 960 960 960 955 955 955 955 895 895 895 895 335 335 335 335 989 989 989 989 933 933 933 933 961 961 961 961 990 990 990 990 952 952 952 952 931 931 931 931
973 973 973 973 672 672 672 672 866 866 866 866 860 860 860 860 845 845 845 845 872 872 872 872 887 887 887 887 965 965 965 965 521 521 521 521 876 876 876 876 860 860 860 860 709 709 709 709 664 664 664 664 793 793 793 793 960 960 960 960 955 955 955 955 895 895 895 895 335 335 335 335 989 989 989 989 933 933 933 933 961 961 961 961 990 990 990 990 952 952 952 952 931 931 931 931
973 973 973 973 672 672 672 672 866 866 866 866 860 860 860 860 845 845 845 845 872 872 872 872 887 887 887 887 965 965 965 965 521 521 521 521 876 876 876 876 860 860 860 860 709 709 709 709 664 664 664 664 793 793 793 793 960 960 960 960 955 955 955 955 895 895 895 895 335 335 335 335 989 989 989 989 933 933 933 933 961 961 961 961 990 990 990 990 952 952 952 952 931 931 931 931
973 973 973 973 672 672 672 672 866 866 866 866 860 860 860 860 845 845 845 845 872 872 872 872 887 887 887 887 965 965 965 965 521 521 521 521 876 876 876 876 860 860 860 860 709 709 709 709 664 664 664 664 793 793 793 793 960 960 960 960 955 955 955 955 895 895 895 895 335 335 335 335 989 989 989 989 933 933 933 933 961 961 961 961 990 990 990 990 952 952 952 952 931 931 931 931
975 975 975 975 640 640 640 640 811 811 811 811 868 868 868 868 867 867 867 867 854 854 854 854 986 986 986 986 816 816 816 816 301 301 301 301 739 739 739 739 779 779 779 779 457 457 457 457 524 524 524 524 610 610 610 610 612 612 612 612 852 852 852 852 430 430 430 430 509 509 509 509 875 875 875 875 997 997 997 997 892 892 892 892 721 721 721 721 916 916 916 916 911 911 911 911
975 975 975 975 640 640 640 640 811 811 811 811 868 868 868 868 867 867 867 867 854 854 854 854 986 986 986 986 816 816 816 816 301 301 301 301 739 739 739 739 779 779 779 779 457 457 457 457 524 524 524 524 610 610 610 610 612 612 612 612 852 852 852 852 430 430 430 430 509 509 509 509 875 875 875 875 997 997 997 997 892 892 892 892 721 721 721 721 916 916 916 916 911 911 911 911
975 975 975 975 640 640 640 640 811 811 811 811 868 868 868 868 867 867 867 867 854 854 854 854 986 986 986 986 816 816 816 816 301 301 301 301 739 739 739 739 779 779 779 779 457 457 457 457 524 524 524 524 610 610 610 610 612 612 612 612 852 852 852 852 430 430 430 430 509 509 509 509 875 875 875 875 997 997 997 997 892 892 892 892 721 721 721 721 916 916 916 916 911 911 911 911
975 975 975 975 640 640 640 640 811 811 811 811 868 868 868 868 867 867 867 867 854 854 854 854 986 986 986 986 816 816 816 816 301 301 301 301 739 739 739 739 779 779 779 779 457 457 457 457 524 524 524 524 610 610 610 610 612 612 612 612 852 852 852 852 430 430 430 430 509 509 509 509 875 875 875 875 997 997 997 997 892 892 892 892 721 721 721 721 916 916 916 916 911 911 911 911
877 877 877 877 820 820 820 820 646 646 646 646 678 678 678 678 919 919 919 919 934 934 934 934 787 787 787 787 170 170 170 170 301 301 301 301 696 696 696 696 606 606 606 606 349 349 349 349 391 391 391 391 783 783 783 783 953 953 953 953 650 650 650 650 279 279 279 279 473 473 473 473 746 746 746 746 816 816 816 816 850 850 850 850 959 959 959 959 959 959 959 959 955 955 955 955
877 877 877 877 820 820 820 820 646 646 646 646 678 678 678 678 919 919 919 919 934 934 934 934 787 787 787 787 170 170 170 170 301 301 301 301 696 696 696 696 606 606 606 606 349 349 349 349 391 391 391 391 783 783 783 783 953 953 953 953 650 650 650 650 279 279 279 279 473 473 473 473 746 746 746 746 816 816 816 816 850 850 850 850 959 959 959 959 959 959 959 959 955 955 955 955
877 877 877 877 820 820 820 820 646 646 646 646 678 678 678 678 919 919 919 919 934 934 934 934 787 787 787 787 170 170 170 170 301 301 301 301 696 696 696 696 606 606 606 606 349 349 349 349 391 391 391 391 783 783 783 783 953 953 953 953 650 650 650 650 279 279 279 279 473 473 473 473 746 746 746 746 816 816 816 816 850 850 850 850 959 959 959 959 959 959 959 959 955 955 955 955
877 877 877 877 820 820 820 820 646 646 646 646 678 678 678 678 919 919 919 919 934 934 934 934 787 787 787 787 170 170 170 170 301 301 301 301 696 696 696 696 606 606 606 606 349 349 349 349 391 391 391 391 783 783 783 783 953 953 953 953 650 650 650 650 279 279 279 279 473 473 473 473 746 746 746 746 816 816 816 816 850 850 850 850 959 959 959 959 959 959 959 959 955 955 955 955
