modules/wolfAlps/data/HabitatSuitability.asc
ncols       436
nrows       296
xllcorner   314690.99952243
yllcorner   4849886.97344530
cellsize    1250
NODATA_value  -2
[rows 0 to 51 of 296, columns 288 to 383 of 436]
-1 -1 -1 -1 -1 -1 -1 -1 -1 -1 -1 -1 -1 -1 -1 -1 -1 -1 -1 -1 383 383 383 383 749 749 749 749 675 675 675 675 694 694 694 694 550 550 550 550 382 382 382 382 495 495 495 495 685 685 685 685 461 461 461 461 301 301 301 301 553 553 553 553 -1 -1 -1 -1 -1 -1 -1 -1 -1 -1 -1 -1 -1 -1 -1 -1 -1 -1 -1 -1 -1 -1 -1 -1 -1 -1 -1 -1 -1 -1 -1 -1
-1 -1 -1 -1 -1 -1 -1 -1 -1 -1 -1 -1 -1 -1 -1 -1 -1 -1 -1 -1 383 383 383 383 749 749 749 749 675 675 675 675 694 694 694 694 550 550 550 550 382 382 382 382 495 495 495 495 685 685 685 685 461 461 461 461 301 301 301 301 553 553 553 553 -1 -1 -1 -1 -1 -1 -1 -1 -1 -1 -1 -1 -1 -1 -1 -1 -1 -1 -1 -1 -1 -1 -1 -1 -1 -1 -1 -1 -1 -1 -1 -1
-1 -1 -1 -1 -1 -1 -1 -1 -1 -1 -1 -1 -1 -1 -1 -1 -1 -1 -1 -1 383 383 383 383 749 749 749 749 675 675 675 675 694 694 694 694 550 550 550 550 382 382 382 382 495 495 495 495 685 685 685 685 461 461 461 461 301 301 301 301 553 553 553 553 -1 -1 -1 -1 -1 -1 -1 -1 -1 -1 -1 -1 -1 -1 -1 -1 -1 -1 -1 -1 -1 -1 -1 -1 -1 -1 -1 -1 -1 -1 -1 -1
-1 -1 -1 -1 -1 -1 -1 -1 -1 -1 -1 -1 -1 -1 -1 -1 -1 -1 -1 -1 383 383 383 383 749 749 749 749 675 675 675 675 694 694 694 694 550 550 550 550 382 382 382 382 495 495 495 495 685 685 685 685 461 461 461 461 301 301 301 301 553 553 553 553 -1 -1 -1 -1 -1 -1 -1 -1 -1 -1 -1 -1 -1 -1 -1 -1 -1 -1 -1 -1 -1 -1 -1 -1 -1 -1 -1 -1 -1 -1 -1 -1
-1 -1 -1 -1 848 848 848 848 873 873 873 873 855 855 855 855 584 584 584 584 466 466 466 466 606 606 606 606 534 534 534 534 274 274 274 274 471 471 471 471 870 870 870 870 959 959 959 959 681 681 681 681 507 507 507 507 626 626 626 626 839 839 839 839 -1 -1 -1 -1 -1 -1 -1 -1 -1 -1 -1 -1 -1 -1 -1 -1 -1 -1 -1 -1 -1 -1 -1 -1 -1 -1 -1 -1 -1 -1 -1 -1
-1 -1 -1 -1 848 848 848 848 873 873 873 873 855 855 855 855 584 584 584 584 466 466 466 466 606 606 606 606 534 534 534 534 274 274 274 274 471 471 471 471 870 870 870 870 959 959 959 959 681 681 681 681 507 507 507 507 626 626 626 626 839 839 839 839 -1 -1 -1 -1 -1 -1 -1 -1 -1 -1 -1 -1 -1 -1 -1 -1 -1 -1 -1 -1 -1 -1 -1 -1 -1 -1 -1 -1 -1 -1 -1 -1
-1 -1 -1 -1 848 848 848 848 873 873 873 873 855 855 855 855 584 584 584 584 466 466 466 466 606 606 606 606 534 534 534 534 274 274 274 274 471 471 471 471 870 870 870 870 959 959 959 959 681 681 681 681 507 507 507 507 626 626 626 626 839 839 839 839 -1 -1 -1 -1 -1 -1 -1 -1 -1 -1 -1 -1 -1 -1 -1 -1 -1 -1 -1 -1 -1 -1 -1 -1 -1 -1 -1 -1 -1 -1 -1 -1
-1 -1 -1 -1 848 848 848 848 873 873 873 873 855 855 855 855 584 584 584 584 466 466 466 466 606 606 606 606 534 534 534 534 274 274 274 274 471 471 471 471 870 870 870 870 959 959 959 959 681 681 681 681 507 507 507 507 626 626 626 626 839 839 839 839 -1 -1 -1 -1 -1 -1 -1 -1 -1 -1 -1 -1 -1 -1 -1 -1 -1 -1 -1 -1 -1 -1 -1 -1 -1 -1 -1 -1 -1 -1 -1 -1
575 575 575 575 818 818 818 818 822 822 822 822 726 726 726 726 688 688 688 688 673 673 673 673 336 336 336 336 350 350 350 350 765 765 765 765 921 921 921 921 817 817 817 817 779 779 779 779 673 673 673 673 720 720 720 720 551 551 551 551 516 516 516 516 -1 -1 -1 -1 -1 -1 -1 -1 -1 -1 -1 -1 -1 -1 -1 -1 -1 -1 -1 -1 -1 -1 -1 -1 -1 -1 -1 -1 -1 -1 -1 -1
575 575 575 575 818 818 818 818 822 822 822 822 726 726 726 726 688 688 688 688 673 673 673 673 336 336 336 336 350 350 350 350 765 765 765 765 921 921 921 921 817 817 817 817 779 779 779 779 673 673 673 673 720 720 720 720 551 551 551 551 516 516 516 516 -1 -1 -1 -1 -1 -1 -1 -1 -1 -1 -1 -1 -1 -1 -1 -1 -1 -1 -1 -1 -1 -1 -1 -1 -1 -1 -1 -1 -1 -1 -1 -1
575 575 575 575 818 818 818 818 822 822 822 822 726 726 726 726 688 688 688 688 673 673 673 673 336 336 336 336 350 350 350 350 765 765 765 765 921 921 921 921 817 817 817 817 779 779 779 779 673 673 673 673 720 720 720 720 551 551 551 551 516 516 516 516 -1 -1 -1 -1 -1 -1 -1 -1 -1 -1 -1 -1 -1 -1 -1 -1 -1 -1 -1 -1 -1 -1 -1 -1 -1 -1 -1 -1 -1 -1 -1 -1
575 575 575 575 818 818 818 818 822 822 822 822 726 726 726 726 688 688 688 688 673 673 673 673 336 336 336 336 350 350 350 350 765 765 765 765 921 921 921 921 817 817 817 817 779 779 779 779 673 673 673 673 720 720 720 720 551 551 551 551 516 516 516 516 -1 -1 -1 -1 -1 -1 -1 -1 -1 -1 -1 -1 -1 -1 -1 -1 -1 -1 -1 -1 -1 -1 -1 -1 -1 -1 -1 -1 -1 -1 -1 -1
872 872 872 872 929 929 929 929 907 907 907 907 912 912 912 912 746 746 746 746 770 770 770 770 689 689 689 689 866 866 866 866 917 917 917 917 897 897 897 897 874 874 874 874 832 832 832 832 525 525 525 525 559 559 559 559 821 821 821 821 822 822 822 822 -1 -1 -1 -1 -1 -1 -1 -1 -1 -1 -1 -1 -1 -1 -1 -1 -1 -1 -1 -1 -1 -1 -1 -1 -1 -1 -1 -1 -1 -1 -1 -1
872 872 872 872 929 929 929 929 907 907 907 907 912 912 912 912 746 746 746 746 770 770 770 770 689 689 689 689 866 866 866 866 917 917 917 917 897 897 897 897 874 874 874 874 832 832 832 832 525 525 525 525 559 559 559 559 821 821 821 821 822 822 822 822 -1 -1 -1 -1 -1 -1 -1 -1 -1 -1 -1 -1 -1 -1 -1 -1 -1 -1 -1 -1 -1 -1 -1 -1 -1 -1 -1 -1 -1 -1 -1 -1
872 872 872 872 929 929 929 929 907 907 907 907 912 912 912 912 746 746 746 746 770 770 770 770 689 689 689 689 866 866 866 866 917 917 917 917 897 897 897 897 874 874 874 874 832 832 832 832 525 525 525 525 559 559 559 559 821 821 821 821 822 822 822 822 -1 -1 -1 -1 -1 -1 -1 -1 -1 -1 -1 -1 -1 -1 -1 -1 -1 -1 -1 -1 -1 -1 -1 -1 -1 -1 -1 -1 -1 -1 -1 -1
872 872 872 872 929 929 929 929 907 907 907 907 912 912 912 912 746 746 746 746 770 770 770 770 689 689 689 689 866 866 866 866 917 917 917 917 897 897 897 897 874 874 874 874 832 832 832 832 525 525 525 525 559 559 559 559 821 821 821 821 822 822 822 822 -1 -1 -1 -1 -1 -1 -1 -1 -1 -1 -1 -1 -1 -1 -1 -1 -1 -1 -1 -1 -1 -1 -1 -1 -1 -1 -1 -1 -1 -1 -1 -1
919 919 919 919 848 848 848 848 915 915 915 915 946 946 946 946 790 790 790 790 849 849 849 849 915 915 915 915 836 836 836 836 960 960 960 960 766 766 766 766 793 793 793 793 623 623 623 623 785 785 785 785 757 757 757 757 714 714 714 714 763 763 763 763 685 685 685 685 -1 -1 -1 -1 -1 -1 -1 -1 -1 -1 -1 -1 -1 -1 -1 -1 -1 -1 -1 -1 -1 -1 -1 -1 -1 -1 -1 -1
919 919 919 919 848 848 848 848 915 915 915 915 946 946 946 946 790 790 790 790 849 849 849 849 915 915 915 915 836 836 836 836 960 960 960 960 766 766 766 766 793 793 793 793 623 623 623 623 785 785 785 785 757 757 757 757 714 714 714 714 763 763 763 763 685 685 685 685 -1 -1 -1 -1 -1 -1 -1 -1 -1 -1 -1 -1 -1 -1 -1 -1 -1 -1 -1 -1 -1 -1 -1 -1 -1 -1 -1 -1
919 919 919 919 848 848 848 848 915 915 915 915 946 946 946 946 790 790 790 790 849 849 849 849 915 915 915 915 836 836 836 836 960 960 960 960 766 766 766 766 793 793 793 793 623 623 623 623 785 785 785 785 757 757 757 757 714 714 714 714 763 763 763 763 685 685 685 685 -1 -1 -1 -1 -1 -1 -1 -1 -1 -1 -1 -1 -1 -1 -1 -1 -1 -1 -1 -1 -1 -1 -1 -1 -1 -1 -1 -1
919 919 919 919 848 848 848 848 915 915 915 915 946 946 946 946 790 790 790 790 849 849 849 849 915 915 915 915 836 836 836 836 960 960 960 960 766 766 766 766 793 793 793 793 623 623 623 623 785 785 785 785 757 757 757 757 714 714 714 714 763 763 763 763 685 685 685 685 -1 -1 -1 -1 -1 -1 -1 -1 -1 -1 -1 -1 -1 -1 -1 -1 -1 -1 -1 -1 -1 -1 -1 -1 -1 -1 -1 -1
960 960 960 960 962 962 962 962 917 917 917 917 935 935 935 935 930 930 930 930 912 912 912 912 923 923 923 923 864 864 864 864 970 970 970 970 793 793 793 793 961 961 961 961 933 933 933 933 915 915 915 915 894 894 894 894 949 949 949 949 782 782 782 782 736 736 736 736 -1 -1 -1 -1 -1 -1 -1 -1 -1 -1 -1 -1 -1 -1 -1 -1 -1 -1 -1 -1 -1 -1 -1 -1 -1 -1 -1 -1
960 960 960 960 962 962 962 962 917 917 917 917 935 935 935 935 930 930 930 930 912 912 912 912 923 923 923 923 864 864 864 864 970 970 970 970 793 793 793 793 961 961 961 961 933 933 933 933 915 915 915 915 894 894 894 894 949 949 949 949 782 782 782 782 736 736 736 736 -1 -1 -1 -1 -1 -1 -1 -1 -1 -1 -1 -1 -1 -1 -1 -1 -1 -1 -1 -1 -1 -1 -1 -1 -1 -1 -1 -1
960 960 960 960 962 962 962 962 917 917 917 917 935 935 935 935 930 930 930 930 912 912 912 912 923 923 923 923 864 864 864 864 970 970 970 970 793 793 793 793 961 961 961 961 933 933 933 933 915 915 915 915 894 894 894 894 949 949 949 949 782 782 782 782 736 736 736 736 -1 -1 -1 -1 -1 -1 -1 -1 -1 -1 -1 -1 -1 -1 -1 -1 -1 -1 -1 -1 -1 -1 -1 -1 -1 -1 -1 -1
960 960 960 960 962 962 962 962 917 917 917 917 935 935 935 935 930 930 930 930 912 912 912 912 923 923 923 923 864 864 864 864 970 970 970 970 793 793 793 793 961 961 961 961 933 933 933 933 915 915 915 915 894 894 894 894 949 949 949 949 782 782 782 782 736 736 736 736 -1 -1 -1 -1 -1 -1 -1 -1 -1 -1 -1 -1 -1 -1 -1 -1 -1 -1 -1 -1 -1 -1 -1 -1 -1 -1 -1 -1
881 881 881 881 809 809 809 809 874 874 874 874 907 907 907 907 932 932 932 932 918 918 918 918 957 957 957 957 884 884 884 884 704 704 704 704 458 458 458 458 807 807 807 807 876 876 876 876 961 961 961 961 963 963 963 963 918 918 918 918 818 818 818 818 861 861 861 861 888 888 888 888 -1 -1 -1 -1 -1 -1 -1 -1 -1 -1 -1 -1 -1 -1 -1 -1 -1 -1 -1 -1 -1 -1 -1 -1
881 881 881 881 809 809 809 809 874 874 874 874 907 907 907 907 932 932 932 932 918 918 918 918 957 957 957 957 884 884 884 884 704 704 704 704 458 458 458 458 807 807 807 807 876 876 876 876 961 961 961 961 963 963 963 963 918 918 918 918 818 818 818 818 861 861 861 861 888 888 888 888 -1 -1 -1 -1 -1 -1 -1 -1 -1 -1 -1 -1 -1 -1 -1 -1 -1 -1 -1 -1 -1 -1 -1 -1
881 881 881 881 809 809 809 809 874 874 874 874 907 907 907 907 932 932 932 932 918 918 918 918 957 957 957 957 884 884 884 884 704 704 704 704 458 458 458 458 807 807 807 807 876 876 876 876 961 961 961 961 963 963 963 963 918 918 918 918 818 818 818 818 861 861 861 861 888 888 888 888 -1 -1 -1 -1 -1 -1 -1 -1 -1 -1 -1 -1 -1 -1 -1 -1 -1 -1 -1 -1 -1 -1 -1 -1
881 881 881 881 809 809 809 809 874 874 874 874 907 907 907 907 932 932 932 932 918 918 918 918 957 957 957 957 884 884 884 884 704 704 704 704 458 458 458 458 807 807 807 807 876 876 876 876 961 961 961 961 963 963 963 963 918 918 918 918 818 818 818 818 861 861 861 861 888 888 888 888 -1 -1 -1 -1 -1 -1 -1 -1 -1 -1 -1 -1 -1 -1 -1 -1 -1 -1 -1 -1 -1 -1 -1 -1
876 876 876 876 953 953 953 953 756 756 756 756 754 754 754 754 927 927 927 927 631 631 631 631 966 966 966 966 960 960 960 960 893 893 893 893 806 806 806 806 939 939 939 939 821 821 821 821 855 855 855 855 840 840 840 840 810 810 810 810 888 888 888 888 849 849 849 849 851 851 851 851 866 866 866 866 -1 -1 -1 -1 -1 -1 -1 -1 -1 -1 -1 -1 -1 -1 -1 -1 -1 -1 -1 -1
876 876 876 876 953 953 953 953 756 756 756 756 754 754 754 754 927 927 927 927 631 631 631 631 966 966 966 966 960 960 960 960 893 893 893 893 806 806 806 806 939 939 939 939 821 821 821 821 855 855 855 855 840 840 840 840 810 810 810 810 888 888 888 888 849 849 849 849 851 851 851 851 866 866 866 866 -1 -1 -1 -1 -1 -1 -1 -1 -1 -1 -1 -1 -1 -1 -1 -1 -1 -1 -1 -1
876 876 876 876 953 953 953 953 756 756 756 756 754 754 754 754 927 927 927 927 631 631 631 631 966 966 966 966 960 960 960 960 893 893 893 893 806 806 806 806 939 939 939 939 821 821 821 821 855 855 855 855 840 840 840 840 810 810 810 810 888 888 888 888 849 849 849 849 851 851 851 851 866 866 866 866 -1 -1 -1 -1 -1 -1 -1 -1 -1 -1 -1 -1 -1 -1 -1 -1 -1 -1 -1 -1
876 876 876 876 953 953 953 953 756 756 756 756 754 754 754 754 927 927 927 927 631 631 631 631 966 966 966 966 960 960 960 960 893 893 893 893 806 806 806 806 939 939 939 939 821 821 821 821 855 855 855 855 840 840 840 840 810 810 810 810 888 888 888 888 849 849 849 849 851 851 851 851 866 866 866 866 -1 -1 -1 -1 -1 -1 -1 -1 -1 -1 -1 -1 -1 -1 -1 -1 -1 -1 -1 -1
968 968 968 968 907 907 907 907 853 853 853 853 892 892 892 892 962 962 962 962 681 681 681 681 969 969 969 969 976 976 976 976 980 980 980 980 951 951 951 951 938 938 938 938 915 915 915 915 883 883 883 883 941 941 941 941 806 806 806 806 875 875 875 875 917 917 917 917 793 793 793 793 779 779 779 779 857 857 857 857 859 859 859 859 860 860 860 860 880 880 880 880 -1 -1 -1 -1
968 968 968 968 907 907 907 907 853 853 853 853 892 892 892 892 962 962 962 962 681 681 681 681 969 969 969 969 976 976 976 976 980 980 980 980 951 951 951 951 938 938 938 938 915 915 915 915 883 883 883 883 941 941 941 941 806 806 806 806 875 875 875 875 917 917 917 917 793 793 793 793 779 779 779 779 857 857 857 857 859 859 859 859 860 860 860 860 880 880 880 880 -1 -1 -1 -1
968 968 968 968 907 907 907 907 853 853 853 853 892 892 892 892 962 962 962 962 681 681 681 681 969 969 969 969 976 976 976 976 980 980 980 980 951 951 951 951 938 938 938 938 915 915 915 915 883 883 883 883 941 941 941 941 806 806 806 806 875 875 875 875 917 917 917 917 793 793 793 793 779 779 779 779 857 857 857 857 859 859 859 859 860 860 860 860 880 880 880 880 -1 -1 -1 -1
968 968 968 968 907 907 907 907 853 853 853 853 892 892 892 892 962 962 962 962 681 681 681 681 969 969 969 969 976 976 976 976 980 980 980 980 951 951 951 951 938 938 938 938 915 915 915 915 883 883 883 883 941 941 941 941 806 806 806 806 875 875 875 875 917 917 917 917 793 793 793 793 779 779 779 779 857 857 857 857 859 859 859 859 860 860 860 860 880 880 880 880 -1 -1 -1 -1
936 936 936 936 959 959 959 959 934 934 934 934 926 926 926 926 732 732 732 732 882 882 882 882 969 969 969 969 865 865 865 865 959 959 959 959 954 954 954 954 834 834 834 834 789 789 789 789 756 756 756 756 816 816 816 816 817 817 817 817 684 684 684 684 714 714 714 714 991 991 991 991 972 972 972 972 792 792 792 792 838 838 838 838 780 780 780 780 778 778 778 778 791 791 791 791
936 936 936 936 959 959 959 959 934 934 934 934 926 926 926 926 732 732 732 732 882 882 882 882 969 969 969 969 865 865 865 865 959 959 959 959 954 954 954 954 834 834 834 834 789 789 789 789 756 756 756 756 816 816 816 816 817 817 817 817 684 684 684 684 714 714 714 714 991 991 991 991 972 972 972 972 792 792 792 792 838 838 838 838 780 780 780 780 778 778 778 778 791 791 791 791
936 936 936 936 959 959 959 959 934 934 934 934 926 926 926 926 732 732 732 732 882 882 882 882 969 969 969 969 865 865 865 865 959 959 959 959 954 954 954 954 834 834 834 834 789 789 789 789 756 756 756 756 816 816 816 816 817 817 817 817 684 684 684 684 714 714 714 714 991 991 991 991 972 972 972 972 792 792 792 792 838 838 838 838 780 780 780 780 778 778 778 778 791 791 791 791
936 936 936 936 959 959 959 959 934 934 934 934 926 926 926 926 732 732 732 732 882 882 882 882 969 969 969 969 865 865 865 865 959 959 959 959 954 954 954 954 834 834 834 834 789 789 789 789 756 756 756 756 816 816 816 816 817 817 817 817 684 684 684 684 714 714 714 714 991 991 991 991 972 972 972 972 792 792 792 792 838 838 838 838 780 780 780 780 778 778 778 778 791 791 791 791
928 928 928 928 966 966 966 966 929 929 929 929 785 785 785 785 860 860 860 860 981 981 981 981 935 935 935 935 733 733 733 733 838 838 838 838 875 875 875 875 619 619 619 619 697 697 697 697 861 861 861 861 806 806 806 806 925 925 925 925 787 787 787 787 673 673 673 673 741 741 741 741 920 920 920 920 977 977 977 977 937 937 937 937 869 869 869 869 933 933 933 933 894 894 894 894
928 928 928 928 966 966 966 966 929 929 929 929 785 785 785 785 860 860 860 860 981 981 981 981 935 935 935 935 733 733 733 733 838 838 838 838 875 875 875 875 619 619 619 619 697 697 697 697 861 861 861 861 806 806 806 806 925 925 925 925 787 787 787 787 673 673 673 673 741 741 741 741 920 920 920 920 977 977 977 977 937 937 937 937 869 869 869 869 933 933 933 933 894 894 894 894
928 928 928 928 966 966 966 966 929 929 929 929 785 785 785 785 860 860 860 860 981 981 981 981 935 935 935 935 733 733 733 733 838 838 838 838 875 875 875 875 619 619 619 619 697 697 697 697 861 861 861 861 806 806 806 806 925 925 925 925 787 787 787 787 673 673 673 673 741 741 741 741 920 920 920 920 977 977 977 977 937 937 937 937 869 869 869 869 933 933 933 933 894 894 894 894
928 928 928 928 966 966 966 966 929 929 929 929 785 785 785 785 860 860 860 860 981 981 981 981 935 935 935 935 733 733 733 733 838 838 838 838 875 875 875 875 619 619 619 619 697 697 697 697 861 861 861 861 806 806 806 806 925 925 925 925 787 787 787 787 673 673 673 673 741 741 741 741 920 920 920 920 977 977 977 977 937 937 937 937 869 869 869 869 933 933 933 933 894 894 894 894
828 828 828 828 985 985 985 985 953 953 953 953 802 802 802 802 925 925 925 925 912 912 912 912 821 821 821 821 714 714 714 714 636 636 636 636 868 868 868 868 682 682 682 682 526 526 526 526 818 818 818 818 750 750 750 750 899 899 899 899 912 912 912 912 976 976 976 976 892 892 892 892 996 996 996 996 869 869 869 869 922 922 922 922 851 851 851 851 935 935 935 935 954 954 954 954
828 828 828 828 985 985 985 985 953 953 953 953 802 802 802 802 925 925 925 925 912 912 912 912 821 821 821 821 714 714 714 714 636 636 636 636 868 868 868 868 682 682 682 682 526 526 526 526 818 818 818 818 750 750 750 750 899 899 899 899 912 912 912 912 976 976 976 976 892 892 892 892 996 996 996 996 869 869 869 869 922 922 922 922 851 851 851 851 935 935 935 935 954 954 954 954
828 828 828 828 985 985 985 985 953 953 953 953 802 802 802 802 925 925 925 925 912 912 912 912 821 821 821 821 714 714 714 714 636 636 636 636 868 868 868 868 682 682 682 682 526 526 526 526 818 818 818 818 750 750 750 750 899 899 899 899 912 912 912 912 976 976 976 976 892 892 892 892 996 996 996 996 869 869 869 869 922 922 922 922 851 851 851 851 935 935 935 935 954 954 954 954
828 828 828 828 985 985 985 985 953 953 953 953 802 802 802 802 925 925 925 925 912 912 912 912 821 821 821 821 714 714 714 714 636 636 636 636 868 868 868 868 682 682 682 682 526 526 526 526 818 818 818 818 750 750 750 750 899 899 899 899 912 912 912 912 976 976 976 976 892 892 892 892 996 996 996 996 869 869 869 869 922 922 922 922 851 851 851 851 935 935 935 935 954 954 954 954
919 919 919 919 939 939 939 939 906 906 906 906 912 912 912 912 859 859 859 859 897 897 897 897 797 797 797 797 712 712 712 712 679 679 679 679 936 936 936 936 892 892 892 892 725 725 725 725 934 934 934 934 785 785 785 785 686 686 686 686 733 733 733 733 757 757 757 757 964 964 964 964 835 835 835 835 833 833 833 833 882 882 882 882 952 952 952 952 973 973 973 973 939 939 939 939
919 919 919 919 939 939 939 939 906 906 906 906 912 912 912 912 859 859 859 859 897 897 897 897 797 797 797 797 712 712 712 712 679 679 679 679 936 936 936 936 892 892 892 892 725 725 725 725 934 934 934 934 785 785 785 785 686 686 686 686 733 733 733 733 757 757 757 757 964 964 964 964 835 835 835 835 833 833 833 833 882 882 882 882 952 952 952 952 973 973 973 973 939 939 939 939
919 919 919 919 939 939 939 939 906 906 906 906 912 912 912 912 859 859 859 859 897 897 897 897 797 797 797 797 712 712 712 712 679 679 679 679 936 936 936 936 892 892 892 892 725 725 725 725 934 934 934 934 785 785 785 785 686 686 686 686 733 733 733 733 757 757 757 757 964 964 964 964 835 835 835 835 833 833 833 833 882 882 882 882 952 952 952 952 973 973 973 973 939 939 939 939
919 919 919 919 939 939 939 939 906 906 906 906 912 912 912 912 859 859 859 859 897 897 897 897 797 797 797 797 712 712 712 712 679 679 679 679 936 936 936 936 892 892 892 892 725 725 725 725 934 934 934 934 785 785 785 785 686 686 686 686 733 733 733 733 757 757 757 757 964 964 964 964 835 835 835 835 833 833 833 833 882 882 882 882 952 952 952 952 973 973 973 973 939 939 939 939
