modules/wolfAlps/data/HabitatSuitability.asc
ncols       436
nrows       296
xllcorner   314690.99952243
yllcorner   4849886.97344530
cellsize    1250
NODATA_value  -2
[rows 104 to 155 of 296, columns 192 to 287 of 436]
849 849 849 849 868 868 868 868 893 893 893 893 938 938 938 938 934 934 934 934 839 839 839 839 830 830 830 830 662 662 662 662 623 623 623 623 802 802 802 802 847 847 847 847 674 674 674 674 833 833 833 833 867 867 867 867 870 870 870 870 982 982 982 982 952 952 952 952 390 390 390 390 629 629 629 629 751 751 751 751 512 512 512 512 858 858 858 858 786 786 786 786 939 939 939 939
849 849 849 849 868 868 868 868 893 893 893 893 938 938 938 938 934 934 934 934 839 839 839 839 830 830 830 830 662 662 662 662 623 623 623 623 802 802 802 802 847 847 847 847 674 674 674 674 833 833 833 833 867 867 867 867 870 870 870 870 982 982 982 982 952 952 952 952 390 390 390 390 629 629 629 629 751 751 751 751 512 512 512 512 858 858 858 858 786 786 786 786 939 939 939 939
849 849 849 849 868 868 868 868 893 893 893 893 938 938 938 938 934 934 934 934 839 839 839 839 830 830 830 830 662 662 662 662 623 623 623 623 802 802 802 802 847 847 847 847 674 674 674 674 833 833 833 833 867 867 867 867 870 870 870 870 982 982 982 982 952 952 952 952 390 390 390 390 629 629 629 629 751 751 751 751 512 512 512 512 858 858 858 858 786 786 786 786 939 939 939 939
849 849 849 849 868 868 868 868 893 893 893 893 938 938 938 938 934 934 934 934 839 839 839 839 830 830 830 830 662 662 662 662 623 623 623 623 802 802 802 802 847 847 847 847 674 674 674 674 833 833 833 833 867 867 867 867 870 870 870 870 982 982 982 982 952 952 952 952 390 390 390 390 629 629 629 629 751 751 751 751 512 512 512 512 858 858 858 858 786 786 786 786 939 939 939 939
865 865 865 865 829 829 829 829 916 916 916 916 642 642 642 642 610 610 610 610 979 979 979 979 728 728 728 728 566 566 566 566 890 890 890 890 892 892 892 892 850 850 850 850 805 805 805 805 863 863 863 863 824 824 824 824 974 974 974 974 886 886 886 886 856 856 856 856 355 355 355 355 692 692 692 692 619 619 619 619 556 556 556 556 889 889 889 889 933 933 933 933 966 966 966 966
865 865 865 865 829 829 829 829 916 916 916 916 642 642 642 642 610 610 610 610 979 979 979 979 728 728 728 728 566 566 566 566 890 890 890 890 892 892 892 892 850 850 850 850 805 805 805 805 863 863 863 863 824 824 824 824 974 974 974 974 886 886 886 886 856 856 856 856 355 355 355 355 692 692 692 692 619 619 619 619 556 556 556 556 889 889 889 889 933 933 933 933 966 966 966 966
865 865 865 865 829 829 829 829 916 916 916 916 642 642 642 642 610 610 610 610 979 979 979 979 728 728 728 728 566 566 566 566 890 890 890 890 892 892 892 892 850 850 850 850 805 805 805 805 863 863 863 863 824 824 824 824 974 974 974 974 886 886 886 886 856 856 856 856 355 355 355 355 692 692 692 692 619 619 619 619 556 556 556 556 889 889 889 889 933 933 933 933 966 966 966 966
865 865 865 865 829 829 829 829 916 916 916 916 642 642 642 642 610 610 610 610 979 979 979 979 728 728 728 728 566 566 566 566 890 890 890 890 892 892 892 892 850 850 850 850 805 805 805 805 863 863 863 863 824 824 824 824 974 974 974 974 886 886 886 886 856 856 856 856 355 355 355 355 692 692 692 692 619 619 619 619 556 556 556 556 889 889 889 889 933 933 933 933 966 966 966 966
821 821 821 821 952 952 952 952 919 919 919 919 960 960 960 960 841 841 841 841 736 736 736 736 379 379 379 379 863 863 863 863 836 836 836 836 856 856 856 856 834 834 834 834 845 845 845 845 669 669 669 669 731 731 731 731 892 892 892 892 990 990 990 990 751 751 751 751 362 362 362 362 944 944 944 944 579 579 579 579 888 888 888 888 945 945 945 945 940 940 940 940 980 980 980 980
821 821 821 821 952 952 952 952 919 919 919 919 960 960 960 960 841 841 841 841 736 736 736 736 379 379 379 379 863 863 863 863 836 836 836 836 856 856 856 856 834 834 834 834 845 845 845 845 669 669 669 669 731 731 731 731 892 892 892 892 990 990 990 990 751 751 751 751 362 362 362 362 944 944 944 944 579 579 579 579 888 888 888 888 945 945 945 945 940 940 940 940 980 980 980 980
821 821 821 821 952 952 952 952 919 919 919 919 960 960 960 960 841 841 841 841 736 736 736 736 379 379 379 379 863 863 863 863 836 836 836 836 856 856 856 856 834 834 834 834 845 845 845 845 669 669 669 669 731 731 731 731 892 892 892 892 990 990 990 990 751 751 751 751 362 362 362 362 944 944 944 944 579 579 579 579 888 888 888 888 945 945 945 945 940 940 940 940 980 980 980 980
821 821 821 821 952 952 952 952 919 919 919 919 960 960 960 960 841 841 841 841 736 736 736 736 379 379 379 379 863 863 863 863 836 836 836 836 856 856 856 856 834 834 834 834 845 845 845 845 669 669 669 669 731 731 731 731 892 892 892 892 990 990 990 990 751 751 751 751 362 362 362 362 944 944 944 944 579 579 579 579 888 888 888 888 945 945 945 945 940 940 940 940 980 980 980 980
780 780 780 780 711 711 711 711 536 536 536 536 779 779 779 779 597 597 597 597 254 254 254 254 790 790 790 790 859 859 859 859 768 768 768 768 845 845 845 845 878 878 878 878 882 882 882 882 554 554 554 554 884 884 884 884 904 904 904 904 825 825 825 825 321 321 321 321 672 672 672 672 856 856 856 856 798 798 798 798 900 900 900 900 888 888 888 888 830 830 830 830 836 836 836 836
780 780 780 780 711 711 711 711 536 536 536 536 779 779 779 779 597 597 597 597 254 254 254 254 790 790 790 790 859 859 859 859 768 768 768 768 845 845 845 845 878 878 878 878 882 882 882 882 554 554 554 554 884 884 884 884 904 904 904 904 825 825 825 825 321 321 321 321 672 672 672 672 856 856 856 856 798 798 798 798 900 900 900 900 888 888 888 888 830 830 830 830 836 836 836 836
780 780 780 780 711 711 711 711 536 536 536 536 779 779 779 779 597 597 597 597 254 254 254 254 790 790 790 790 859 859 859 859 768 768 768 768 845 845 845 845 878 878 878 878 882 882 882 882 554 554 554 554 884 884 884 884 904 904 904 904 825 825 825 825 321 321 321 321 672 672 672 672 856 856 856 856 798 798 798 798 900 900 900 900 888 888 888 888 830 830 830 830 836 836 836 836
780 780 780 780 711 711 711 711 536 536 536 536 779 779 779 779 597 597 597 597 254 254 254 254 790 790 790 790 859 859 859 859 768 768 768 768 845 845 845 845 878 878 878 878 882 882 882 882 554 554 554 554 884 884 884 884 904 904 904 904 825 825 825 825 321 321 321 321 672 672 672 672 856 856 856 856 798 798 798 798 900 900 900 900 888 888 888 888 830 830 830 830 836 836 836 836
640 640 640 640 582 582 582 582 865 865 865 865 806 806 806 806 783 783 783 783 325 325 325 325 808 808 808 808 873 873 873 873 745 745 745 745 866 866 866 866 884 884 884 884 762 762 762 762 804 804 804 804 887 887 887 887 865 865 865 865 593 593 593 593 236 236 236 236 825 825 825 825 861 861 861 861 782 782 782 782 842 842 842 842 822 822 822 822 838 838 838 838 694 694 694 694
640 640 640 640 582 582 582 582 865 865 865 865 806 806 806 806 783 783 783 783 325 325 325 325 808 808 808 808 873 873 873 873 745 745 745 745 866 866 866 866 884 884 884 884 762 762 762 762 804 804 804 804 887 887 887 887 865 865 865 865 593 593 593 593 236 236 236 236 825 825 825 825 861 861 861 861 782 782 782 782 842 842 842 842 822 822 822 822 838 838 838 838 694 694 694 694
640 640 640 640 582 582 582 582 865 865 865 865 806 806 806 806 783 783 783 783 325 325 325 325 808 808 808 808 873 873 873 873 745 745 745 745 866 866 866 866 884 884 884 884 762 762 762 762 804 804 804 804 887 887 887 887 865 865 865 865 593 593 593 593 236 236 236 236 825 825 825 825 861 861 861 861 782 782 782 782 842 842 842 842 822 822 822 822 838 838 838 838 694 694 694 694
640 640 640 640 582 582 582 582 865 865 865 865 806 806 806 806 783 783 783 783 325 325 325 325 808 808 808 808 873 873 873 873 745 745 745 745 866 866 866 866 884 884 884 884 762 762 762 762 804 804 804 804 887 887 887 887 865 865 865 865 593 593 593 593 236 236 236 236 825 825 825 825 861 861 861 861 782 782 782 782 842 842 842 842 822 822 822 822 838 838 838 838 694 694 694 694
227 227 227 227 507 507 507 507 542 542 542 542 609 609 609 609 680 680 680 680 219 219 219 219 610 610 610 610 706 706 706 706 799 799 799 799 664 664 664 664 750 750 750 750 811 811 811 811 883 883 883 883 870 870 870 870 668 668 668 668 91 91 91 91 670 670 670 670 852 852 852 852 801 801 801 801 830 830 830 830 843 843 843 843 860 860 860 860 808 808 808 808 670 670 670 670
227 227 227 227 507 507 507 507 542 542 542 542 609 609 609 609 680 680 680 680 219 219 219 219 610 610 610 610 706 706 706 706 799 799 799 799 664 664 664 664 750 750 750 750 811 811 811 811 883 883 883 883 870 870 870 870 668 668 668 668 91 91 91 91 670 670 670 670 852 852 852 852 801 801 801 801 830 830 830 830 843 843 843 843 860 860 860 860 808 808 808 808 670 670 670 670
227 227 227 227 507 507 507 507 542 542 542 542 609 609 609 609 680 680 680 680 219 219 219 219 610 610 610 610 706 706 706 706 799 799 799 799 664 664 664 664 750 750 750 750 811 811 811 811 883 883 883 883 870 870 870 870 668 668 668 668 91 91 91 91 670 670 670 670 852 852 852 852 801 801 801 801 830 830 830 830 843 843 843 843 860 860 860 860 808 808 808 808 670 670 670 670
227 227 227 227 507 507 507 507 542 542 542 542 609 609 609 609 680 680 680 680 219 219 219 219 610 610 610 610 706 706 706 706 799 799 799 799 664 664 664 664 750 750 750 750 811 811 811 811 883 883 883 883 870 870 870 870 668 668 668 668 91 91 91 91 670 670 670 670 852 852 852 852 801 801 801 801 830 830 830 830 843 843 843 843 860 860 860 860 808 808 808 808 670 670 670 670
63 63 63 63 55 55 55 55 484 484 484 484 270 270 270 270 301 301 301 301 437 437 437 437 766 766 766 766 688 688 688 688 746 746 746 746 749 749 749 749 454 454 454 454 769 769 769 769 798 798 798 798 726 726 726 726 133 133 133 133 253 253 253 253 858 858 858 858 771 771 771 771 766 766 766 766 833 833 833 833 819 819 819 819 813 813 813 813 727 727 727 727 638 638 638 638
63 63 63 63 55 55 55 55 484 484 484 484 270 270 270 270 301 301 301 301 437 437 437 437 766 766 766 766 688 688 688 688 746 746 746 746 749 749 749 749 454 454 454 454 769 769 769 769 798 798 798 798 726 726 726 726 133 133 133 133 253 253 253 253 858 858 858 858 771 771 771 771 766 766 766 766 833 833 833 833 819 819 819 819 813 813 813 813 727 727 727 727 638 638 638 638
63 63 63 63 55 55 55 55 484 484 484 484 270 270 270 270 301 301 301 301 437 437 437 437 766 766 766 766 688 688 688 688 746 746 746 746 749 749 749 749 454 454 454 454 769 769 769 769 798 798 798 798 726 726 726 726 133 133 133 133 253 253 253 253 858 858 858 858 771 771 771 771 766 766 766 766 833 833 833 833 819 819 819 819 813 813 813 813 727 727 727 727 638 638 638 638
63 63 63 63 55 55 55 55 484 484 484 484 270 270 270 270 301 301 301 301 437 437 437 437 766 766 766 766 688 688 688 688 746 746 746 746 749 749 749 749 454 454 454 454 769 769 769 769 798 798 798 798 726 726 726 726 133 133 133 133 253 253 253 253 858 858 858 858 771 771 771 771 766 766 766 766 833 833 833 833 819 819 819 819 813 813 813 813 727 727 727 727 638 638 638 638
88 88 88 88 1 1 1 1 28 28 28 28 118 118 118 118 127 127 127 127 172 172 172 172 573 573 573 573 602 602 602 602 843 843 843 843 862 862 862 862 694 694 694 694 625 625 625 625 262 262 262 262 3 3 3 3 5 5 5 5 379 379 379 379 414 414 414 414 565 565 565 565 752 752 752 752 583 583 583 583 552 552 552 552 612 612 612 612 677 677 677 677 621 621 621 621
88 88 88 88 1 1 1 1 28 28 28 28 118 118 118 118 127 127 127 127 172 172 172 172 573 573 573 573 602 602 602 602 843 843 843 843 862 862 862 862 694 694 694 694 625 625 625 625 262 262 262 262 3 3 3 3 5 5 5 5 379 379 379 379 414 414 414 414 565 565 565 565 752 752 752 752 583 583 583 583 552 552 552 552 612 612 612 612 677 677 677 677 621 621 621 621
88 88 88 88 1 1 1 1 28 28 28 28 118 118 118 118 127 127 127 127 172 172 172 172 573 573 573 573 602 602 602 602 843 843 843 843 862 862 862 862 694 694 694 694 625 625 625 625 262 262 262 262 3 3 3 3 5 5 5 5 379 379 379 379 414 414 414 414 565 565 565 565 752 752 752 752 583 583 583 583 552 552 552 552 612 612 612 612 677 677 677 677 621 621 621 621
88 88 88 88 1 1 1 1 28 28 28 28 118 118 118 118 127 127 127 127 172 172 172 172 573 573 573 573 602 602 602 602 843 843 843 843 862 862 862 862 694 694 694 694 625 625 625 625 262 262 262 262 3 3 3 3 5 5 5 5 379 379 379 379 414 414 414 414 565 565 565 565 752 752 752 752 583 583 583 583 552 552 552 552 612 612 612 612 677 677 677 677 621 621 621 621
-1 -1 -1 -1 -1 -1 -1 -1 1 1 1 1 102 102 102 102 39 39 39 39 7 7 7 7 27 27 27 27 213 213 213 213 466 466 466 466 676 676 676 676 694 694 694 694 217 217 217 217 45 45 45 45 19 19 19 19 6 6 6 6 196 196 196 196 272 272 272 272 496 496 496 496 536 536 536 536 469 469 469 469 501 501 501 501 714 714 714 714 689 689 689 689 522 522 522 522
-1 -1 -1 -1 -1 -1 -1 -1 1 1 1 1 102 102 102 102 39 39 39 39 7 7 7 7 27 27 27 27 213 213 213 213 466 466 466 466 676 676 676 676 694 694 694 694 217 217 217 217 45 45 45 45 19 19 19 19 6 6 6 6 196 196 196 196 272 272 272 272 496 496 496 496 536 536 536 536 469 469 469 469 501 501 501 501 714 714 714 714 689 689 689 689 522 522 522 522
-1 -1 -1 -1 -1 -1 -1 -1 1 1 1 1 102 102 102 102 39 39 39 39 7 7 7 7 27 27 27 27 213 213 213 213 466 466 466 466 676 676 676 676 694 694 694 694 217 217 217 217 45 45 45 45 19 19 19 19 6 6 6 6 196 196 196 196 272 272 272 272 496 496 496 496 536 536 536 536 469 469 469 469 501 501 501 501 714 714 714 714 689 689 689 689 522 522 522 522
-1 -1 -1 -1 -1 -1 -1 -1 1 1 1 1 102 102 102 102 39 39 39 39 7 7 7 7 27 27 27 27 213 213 213 213 466 466 466 466 676 676 676 676 694 694 694 694 217 217 217 217 45 45 45 45 19 19 19 19 6 6 6 6 196 196 196 196 272 272 272 272 496 496 496 496 536 536 536 536 469 469 469 469 501 501 501 501 714 714 714 714 689 689 689 689 522 522 522 522
-1 -1 -1 -1 -1 -1 -1 -1 -1 -1 -1 -1 -1 -1 -1 -1 -1 -1 -1 -1 0 0 0 0 2 2 2 2 6 6 6 6 313 313 313 313 241 241 241 241 80 80 80 80 33 33 33 33 20 20 20 20 0 0 0 0 0 0 0 0 28 28 28 28 435 435 435 435 189 189 189 189 441 441 441 441 481 481 481 481 446 446 446 446 569 569 569 569 539 539 539 539 553 553 553 553
-1 -1 -1 -1 -1 -1 -1 -1 -1 -1 -1 -1 -1 -1 -1 -1 -1 -1 -1 -1 0 0 0 0 2 2 2 2 6 6 6 6 313 313 313 313 241 241 241 241 80 80 80 80 33 33 33 33 20 20 20 20 0 0 0 0 0 0 0 0 28 28 28 28 435 435 435 435 189 189 189 189 441 441 441 441 481 481 481 481 446 446 446 446 569 569 569 569 539 539 539 539 553 553 553 553
-1 -1 -1 -1 -1 -1 -1 -1 -1 -1 -1 -1 -1 -1 -1 -1 -1 -1 -1 -1 0 0 0 0 2 2 2 2 6 6 6 6 313 313 313 313 241 241 241 241 80 80 80 80 33 33 33 33 20 20 20 20 0 0 0 0 0 0 0 0 28 28 28 28 435 435 435 435 189 189 189 189 441 441 441 441 481 481 481 481 446 446 446 446 569 569 569 569 539 539 539 539 553 553 553 553
-1 -1 -1 -1 -1 -1 -1 -1 -1 -1 -1 -1 -1 -1 -1 -1 -1 -1 -1 -1 0 0 0 0 2 2 2 2 6 6 6 6 313 313 313 313 241 241 241 241 80 80 80 80 33 33 33 33 20 20 20 20 0 0 0 0 0 0 0 0 28 28 28 28 435 435 435 435 189 189 189 189 441 441 441 441 481 481 481 481 446 446 446 446 569 569 569 569 539 539 539 539 553 553 553 553
-1 -1 -1 -1 -1 -1 -1 -1 -1 -1 -1 -1 -1 -1 -1 -1 -1 -1 -1 -1 -1 -1 -1 -1 -1 -1 -1 -1 -1 -1 -1 -1 1 1 1 1 20 20 20 20 0 0 0 0 11 11 11 11 35 35 35 35 0 0 0 0 17 17 17 17 23 23 23 23 181 181 181 181 264 264 264 264 148 148 148 148 89 89 89 89 154 154 154 154 326 326 326 326 583 583 583 583 553 553 553 553
-1 -1 -1 -1 -1 -1 -1 -1 -1 -1 -1 -1 -1 -1 -1 -1 -1 -1 -1 -1 -1 -1 -1 -1 -1 -1 -1 -1 -1 -1 -1 -1 1 1 1 1 20 20 20 20 0 0 0 0 11 11 11 11 35 35 35 35 0 0 0 0 17 17 17 17 23 23 23 23 181 181 181 181 264 264 264 264 148 148 148 148 89 89 89 89 154 154 154 154 326 326 326 326 583 583 583 583 553 553 553 553
-1 -1 -1 -1 -1 -1 -1 -1 -1 -1 -1 -1 -1 -1 -1 -1 -1 -1 -1 -1 -1 -1 -1 -1 -1 -1 -1 -1 -1 -1 -1 -1 1 1 1 1 20 20 20 20 0 0 0 0 11 11 11 11 35 35 35 35 0 0 0 0 17 17 17 17 23 23 23 23 181 181 181 181 264 264 264 264 148 148 148 148 89 89 89 89 154 154 154 154 326 326 326 326 583 583 583 583 553 553 553 553
-1 -1 -1 -1 -1 -1 -1 -1 -1 -1 -1 -1 -1 -1 -1 -1 -1 -1 -1 -1 -1 -1 -1 -1 -1 -1 -1 -1 -1 -1 -1 -1 1 1 1 1 20 20 20 20 0 0 0 0 11 11 11 11 35 35 35 35 0 0 0 0 17 17 17 17 23 23 23 23 181 181 181 181 264 264 264 264 148 148 148 148 89 89 89 89 154 154 154 154 326 326 326 326 583 583 583 583 553 553 553 553
-1 -1 -1 -1 -1 -1 -1 -1 -1 -1 -1 -1 -1 -1 -1 -1 -1 -1 -1 -1 -1 -1 -1 -1 -1 -1 -1 -1 -1 -1 -1 -1 -1 -1 -1 -1 -1 -1 -1 -1 -1 -1 -1 -1 16 16 16 16 43 43 43 43 37 37 37 37 74 74 74 74 39 39 39 39 84 84 84 84 85 85 85 85 201 201 201 201 0 0 0 0 49 49 49 49 114 114 114 114 -1 -1 -1 -1 -1 -1 -1 -1
-1 -1 -1 -1 -1 -1 -1 -1 -1 -1 -1 -1 -1 -1 -1 -1 -1 -1 -1 -1 -1 -1 -1 -1 -1 -1 -1 -1 -1 -1 -1 -1 -1 -1 -1 -1 -1 -1 -1 -1 -1 -1 -1 -1 16 16 16 16 43 43 43 43 37 37 37 37 74 74 74 74 39 39 39 39 84 84 84 84 85 85 85 85 201 201 201 201 0 0 0 0 49 49 49 49 114 114 114 114 -1 -1 -1 -1 -1 -1 -1 -1
-1 -1 -1 -1 -1 -1 -1 -1 -1 -1 -1 -1 -1 -1 -1 -1 -1 -1 -1 -1 -1 -1 -1 -1 -1 -1 -1 -1 -1 -1 -1 -1 -1 -1 -1 -1 -1 -1 -1 -1 -1 -1 -1 -1 16 16 16 16 43 43 43 43 37 37 37 37 74 74 74 74 39 39 39 39 84 84 84 84 85 85 85 85 201 201 201 201 0 0 0 0 49 49 49 49 114 114 114 114 -1 -1 -1 -1 -1 -1 -1 -1
-1 -1 -1 -1 -1 -1 -1 -1 -1 -1 -1 -1 -1 -1 -1 -1 -1 -1 -1 -1 -1 -1 -1 -1 -1 -1 -1 -1 -1 -1 -1 -1 -1 -1 -1 -1 -1 -1 -1 -1 -1 -1 -1 -1 16 16 16 16 43 43 43 43 37 37 37 37 74 74 74 74 39 39 39 39 84 84 84 84 85 85 85 85 201 201 201 201 0 0 0 0 49 49 49 49 114 114 114 114 -1 -1 -1 -1 -1 -1 -1 -1
-1 -1 -1 -1 -1 -1 -1 -1 -1 -1 -1 -1 -1 -1 -1 -1 -1 -1 -1 -1 -1 -1 -1 -1 -1 -1 -1 -1 -1 -1 -1 -1 -1 -1 -1 -1 -1 -1 -1 -1 -1 -1 -1 -1 -1 -1 -1 -1 -1 -1 -1 -1 -1 -1 -1 -1 -1 -1 -1 -1 -1 -1 -1 -1 170 170 170 170 215 215 215 215 -1 -1 -1 -1 -1 -1 -1 -1 -1 -1 -1 -1 -1 -1 -1 -1 -1 -1 -1 -1 -1 -1 -1 -1
-1 -1 -1 -1 -1 -1 -1 -1 -1 -1 -1 -1 -1 -1 -1 -1 -1 -1 -1 -1 -1 -1 -1 -1 -1 -1 -1 -1 -1 -1 -1 -1 -1 -1 -1 -1 -1 -1 -1 -1 -1 -1 -1 -1 -1 -1 -1 -1 -1 -1 -1 -1 -1 -1 -1 -1 -1 -1 -1 -1 -1 -1 -1 -1 170 170 170 170 215 215 215 215 -1 -1 -1 -1 -1 -1 -1 -1 -1 -1 -1 -1 -1 -1 -1 -1 -1 -1 -1 -1 -1 -1 -1 -1
-1 -1 -1 -1 -1 -1 -1 -1 -1 -1 -1 -1 -1 -1 -1 -1 -1 -1 -1 -1 -1 -1 -1 -1 -1 -1 -1 -1 -1 -1 -1 -1 -1 -1 -1 -1 -1 -1 -1 -1 -1 -1 -1 -1 -1 -1 -1 -1 -1 -1 -1 -1 -1 -1 -1 -1 -1 -1 -1 -1 -1 -1 -1 -1 170 170 170 170 215 215 215 215 -1 -1 -1 -1 -1 -1 -1 -1 -1 -1 -1 -1 -1 -1 -1 -1 -1 -1 -1 -1 -1 -1 -1 -1
-1 -1 -1 -1 -1 -1 -1 -1 -1 -1 -1 -1 -1 -1 -1 -1 -1 -1 -1 -1 -1 -1 -1 -1 -1 -1 -1 -1 -1 -1 -1 -1 -1 -1 -1 -1 -1 -1 -1 -1 -1 -1 -1 -1 -1 -1 -1 -1 -1 -1 -1 -1 -1 -1 -1 -1 -1 -1 -1 -1 -1 -1 -1 -1 170 170 170 170 215 215 215 215 -1 -1 -1 -1 -1 -1 -1 -1 -1 -1 -1 -1 -1 -1 -1 -1 -1 -1 -1 -1 -1 -1 -1 -1
